1.000000 0.927505 0.781433 0.773981 0.755424 0.960281 0.835438 0.620614 0.941238 0.968950 0.966717 0.672237 0.599710 0.700876 0.793180 0.690908 0.889256 0.857618 0.940241 0.958268 0.740808 0.892516 0.950475 0.974777 0.943289 0.888500 0.711185 0.818124 0.942826 0.957255 0.849760 0.588164 0.747621 0.951029 0.910372 0.741319 0.752318 0.787078 0.771298 0.949907 0.907716 0.942560 0.553832 0.745950 0.925431 0.915106 0.971589 0.763685 0.974618 0.949766 0.978557 0.840668 0.946117 0.955501 0.836849 0.815778 0.964018 0.867063 0.849284 0.620762 0.807280 0.834813
0.927505 1.000000 0.628296 0.639094 0.639980 0.947529 0.768848 0.467876 0.934517 0.963135 0.984225 0.543549 0.456456 0.577752 0.686608 0.568922 0.866903 0.726042 0.943101 0.912390 0.589882 0.833804 0.868181 0.958557 0.907279 0.943926 0.601990 0.739997 0.859147 0.907688 0.696187 0.460988 0.646804 0.985349 0.912380 0.595627 0.600303 0.625839 0.669366 0.831563 0.841682 0.927273 0.394475 0.631930 0.787550 0.977286 0.942401 0.643560 0.894356 0.835371 0.968716 0.861589 0.953079 0.839783 0.716676 0.697774 0.983626 0.909658 0.744740 0.473344 0.708560 0.940187
0.781433 0.628296 1.000000 0.989851 0.975233 0.807990 0.950431 0.955332 0.786916 0.639483 0.667654 0.966463 0.940657 0.971090 0.968537 0.967873 0.895064 0.982000 0.809699 0.852620 0.984257 0.935800 0.915157 0.654795 0.870072 0.463903 0.964550 0.950278 0.912838 0.877480 0.983180 0.928768 0.964253 0.678066 0.526757 0.984697 0.985805 0.993624 0.967703 0.930816 0.921906 0.851532 0.927121 0.971870 0.929632 0.529533 0.820449 0.983690 0.880291 0.928670 0.719449 0.434990 0.577586 0.893865 0.973399 0.982455 0.709293 0.448421 0.973202 0.948406 0.970178 0.407797
0.773981 0.639094 0.989851 1.000000 0.992279 0.821728 0.969042 0.965503 0.798599 0.634492 0.673538 0.980625 0.957966 0.987372 0.987782 0.985466 0.915033 0.983677 0.820049 0.855702 0.992868 0.948357 0.912623 0.648469 0.876452 0.465808 0.983251 0.968738 0.916104 0.884017 0.966034 0.950391 0.984125 0.691953 0.505431 0.995527 0.994660 0.977007 0.984695 0.918492 0.930707 0.857475 0.935932 0.989201 0.903255 0.539375 0.830990 0.993555 0.879086 0.927670 0.716157 0.409907 0.576595 0.866480 0.973661 0.991421 0.721975 0.444660 0.984187 0.963624 0.988655 0.422309
0.755424 0.639980 0.975233 0.992279 1.000000 0.825200 0.978569 0.968335 0.807250 0.614607 0.668956 0.988032 0.966181 0.994915 0.993433 0.994072 0.925031 0.971977 0.823383 0.850370 0.991076 0.949910 0.895762 0.632335 0.874554 0.454052 0.993512 0.977701 0.907015 0.875023 0.952976 0.964508 0.996307 0.695497 0.481616 0.993710 0.990671 0.964749 0.994057 0.898502 0.933788 0.851902 0.941643 0.997334 0.884050 0.540004 0.830641 0.995705 0.865016 0.911910 0.700374 0.384957 0.558424 0.845277 0.969809 0.988136 0.722780 0.423506 0.978241 0.969868 0.990438 0.424486
0.960281 0.947529 0.807990 0.821728 0.825200 1.000000 0.906072 0.680275 0.980672 0.926000 0.962025 0.746911 0.673687 0.774610 0.863962 0.768103 0.959981 0.881348 0.985122 0.981670 0.786674 0.947368 0.953421 0.937420 0.977674 0.851966 0.794339 0.897034 0.964566 0.979507 0.854277 0.676516 0.830610 0.973955 0.840254 0.790544 0.796048 0.803519 0.849024 0.937653 0.953363 0.976130 0.617955 0.820414 0.899766 0.912891 0.992968 0.823868 0.969075 0.949546 0.961511 0.763901 0.900456 0.922444 0.873096 0.865812 0.981191 0.814171 0.892317 0.687984 0.874763 0.833800
0.835438 0.768848 0.950431 0.969042 0.978569 0.906072 1.000000 0.909598 0.895226 0.725377 0.780950 0.947565 0.904572 0.961250 0.983220 0.957520 0.978235 0.972044 0.910024 0.920054 0.956202 0.986041 0.940142 0.743522 0.942741 0.592388 0.969237 0.990859 0.948862 0.934494 0.948176 0.908743 0.981490 0.809416 0.600993 0.960600 0.958268 0.940408 0.984910 0.933294 0.973850 0.920000 0.868955 0.976954 0.909999 0.675860 0.907484 0.976869 0.920735 0.944222 0.804479 0.506590 0.676995 0.890062 0.970275 0.984058 0.828103 0.552045 0.982297 0.911624 0.986277 0.572766
0.620614 0.467876 0.955332 0.965503 0.968335 0.680275 0.909598 1.000000 0.652203 0.456772 0.503912 0.989554 0.995969 0.984430 0.943739 0.986006 0.812730 0.915558 0.674897 0.712457 0.982333 0.861403 0.798369 0.473521 0.745924 0.286211 0.974989 0.903060 0.793464 0.749841 0.912043 0.990356 0.957729 0.525919 0.339256 0.980808 0.977344 0.948606 0.947889 0.807722 0.829270 0.730249 0.992889 0.966531 0.813614 0.356490 0.688476 0.964421 0.747751 0.820781 0.543608 0.254462 0.399902 0.756153 0.909826 0.940846 0.560114 0.270079 0.919913 0.997074 0.933388 0.250240
0.941238 0.934517 0.786916 0.798599 0.807250 0.980672 0.895226 0.652203 1.000000 0.896233 0.941871 0.727178 0.641290 0.755708 0.842024 0.748805 0.957316 0.868100 0.990526 0.980593 0.763111 0.931670 0.930894 0.914921 0.977754 0.812716 0.775296 0.893076 0.953707 0.961822 0.843539 0.647815 0.819263 0.957063 0.798362 0.769827 0.771848 0.784877 0.841306 0.922263 0.957500 0.948739 0.583854 0.802735 0.893185 0.894710 0.981663 0.811486 0.954039 0.923120 0.946548 0.705034 0.861500 0.908784 0.875163 0.851717 0.964157 0.753975 0.867546 0.655433 0.854421 0.792959
0.968950 0.963135 0.639483 0.634492 0.614607 0.926000 0.725377 0.456772 0.896233 1.000000 0.985169 0.515157 0.438040 0.549352 0.662567 0.539705 0.813237 0.733650 0.900885 0.900092 0.588867 0.802176 0.882239 0.988056 0.880773 0.963533 0.564601 0.696228 0.861679 0.903126 0.716827 0.427131 0.606172 0.963034 0.967108 0.590665 0.600998 0.644143 0.632484 0.860567 0.815171 0.909004 0.384615 0.601475 0.824786 0.968132 0.932255 0.622118 0.914612 0.861898 0.979044 0.924145 0.991551 0.880902 0.708207 0.682707 0.968407 0.953110 0.737467 0.459871 0.684339 0.924759
0.966717 0.984225 0.667654 0.673538 0.668956 0.962025 0.780950 0.503912 0.941871 0.985169 1.000000 0.571048 0.491623 0.605362 0.716042 0.596838 0.867691 0.761567 0.940866 0.929686 0.630079 0.846242 0.893881 0.984024 0.914869 0.952946 0.624846 0.756168 0.890002 0.927318 0.741642 0.489272 0.668830 0.990066 0.939612 0.633385 0.642561 0.671290 0.692991 0.872004 0.860002 0.931853 0.434062 0.658595 0.836292 0.981142 0.964038 0.671120 0.927121 0.879689 0.980567 0.886419 0.977295 0.884302 0.746965 0.726551 0.994051 0.926190 0.772501 0.510125 0.733395 0.931921
0.672237 0.543549 0.966463 0.980625 0.988032 0.746911 0.947565 0.989554 0.727178 0.515157 0.571048 1.000000 0.988240 0.996858 0.971553 0.996773 0.869669 0.941918 0.748192 0.778011 0.988960 0.908957 0.838663 0.537729 0.809628 0.351101 0.992934 0.946583 0.844398 0.803750 0.931943 0.987671 0.985221 0.599178 0.388749 0.990150 0.986369 0.958437 0.977834 0.845227 0.880787 0.784037 0.975077 0.989623 0.843837 0.432942 0.750316 0.984323 0.795436 0.859126 0.611179 0.295688 0.457196 0.791877 0.941510 0.969444 0.629345 0.321633 0.946302 0.989275 0.963265 0.320121
0.599710 0.456456 0.940657 0.957966 0.966181 0.673687 0.904572 0.995969 0.641290 0.438040 0.491623 0.988240 1.000000 0.983262 0.943613 0.985111 0.806491 0.900368 0.663341 0.698937 0.975334 0.853653 0.779672 0.456407 0.732899 0.274878 0.975787 0.900208 0.780220 0.736950 0.891642 0.996697 0.957589 0.518867 0.319008 0.974149 0.970999 0.932359 0.944707 0.786343 0.816910 0.717858 0.993937 0.965930 0.788165 0.348767 0.677371 0.957307 0.730304 0.806419 0.525645 0.236446 0.384437 0.730778 0.894504 0.932179 0.550767 0.257371 0.910149 0.997847 0.930865 0.246775
0.700876 0.577752 0.971090 0.987372 0.994915 0.774610 0.961250 0.984430 0.755708 0.549352 0.605362 0.996858 0.983262 1.000000 0.982042 0.998493 0.891629 0.953603 0.775048 0.804572 0.991769 0.923049 0.858630 0.569591 0.833358 0.385989 0.995929 0.960452 0.868224 0.830120 0.939774 0.982225 0.992181 0.633432 0.419179 0.993542 0.990302 0.961037 0.985560 0.864053 0.900073 0.807477 0.965608 0.995369 0.856826 0.470510 0.779333 0.991740 0.820842 0.878148 0.641664 0.324208 0.492031 0.809707 0.952658 0.977333 0.662231 0.356715 0.959808 0.984997 0.976037 0.356875
0.793180 0.686608 0.968537 0.987782 0.993433 0.863962 0.983220 0.943739 0.842024 0.662567 0.716042 0.971553 0.943613 0.982042 1.000000 0.979551 0.944060 0.975226 0.856485 0.881783 0.981913 0.965847 0.914610 0.682049 0.901352 0.511255 0.986236 0.988074 0.931756 0.903169 0.950658 0.944033 0.992037 0.744853 0.529898 0.982566 0.982471 0.954417 0.993443 0.916675 0.949491 0.879297 0.913366 0.992488 0.893120 0.596730 0.865439 0.987183 0.890444 0.933949 0.744575 0.432346 0.610287 0.861722 0.968404 0.989555 0.767353 0.479430 0.985619 0.949808 0.996425 0.484137
0.690908 0.568922 0.967873 0.985466 0.994072 0.768103 0.957520 0.986006 0.748805 0.539705 0.596838 0.996773 0.985111 0.998493 0.979551 1.000000 0.886868 0.950252 0.767779 0.795757 0.989959 0.918254 0.853092 0.557935 0.825265 0.374494 0.994602 0.956156 0.861659 0.824324 0.934075 0.983879 0.990005 0.625072 0.407817 0.992628 0.988142 0.957574 0.984297 0.856807 0.896452 0.803373 0.967149 0.992318 0.849356 0.460542 0.772565 0.989536 0.813670 0.870596 0.631083 0.313703 0.481730 0.801166 0.950262 0.973658 0.655309 0.345964 0.956691 0.986100 0.973650 0.346230
0.889256 0.866903 0.895064 0.915033 0.925031 0.959981 0.978235 0.812730 0.957316 0.813237 0.867691 0.869669 0.806491 0.891629 0.944060 0.886868 1.000000 0.944450 0.968883 0.964759 0.887515 0.985973 0.955984 0.826204 0.978652 0.700261 0.905036 0.971519 0.969795 0.971472 0.910740 0.812615 0.932302 0.895470 0.689523 0.894067 0.891925 0.882050 0.943032 0.940471 0.986413 0.961778 0.757333 0.921494 0.903670 0.786747 0.959646 0.924939 0.950374 0.947953 0.882574 0.595244 0.768787 0.901831 0.944559 0.944746 0.907933 0.653976 0.957432 0.816214 0.954596 0.688016
0.857618 0.726042 0.982000 0.983677 0.971977 0.881348 0.972044 0.915558 0.868100 0.733650 0.761567 0.941918 0.900368 0.953603 0.975226 0.950252 0.944450 1.000000 0.884441 0.919461 0.969766 0.969840 0.961401 0.744172 0.931562 0.565854 0.951391 0.971209 0.963050 0.937698 0.982895 0.890012 0.963484 0.771009 0.607328 0.972839 0.972136 0.974167 0.972224 0.967384 0.968193 0.910470 0.871180 0.966441 0.950432 0.637347 0.894822 0.979168 0.940230 0.966969 0.806026 0.508911 0.673885 0.927315 0.990876 0.988444 0.800264 0.541198 0.989454 0.910834 0.981684 0.512291
0.940241 0.943101 0.809699 0.820049 0.823383 0.985122 0.910024 0.674897 0.990526 0.900885 0.940866 0.748192 0.663341 0.775048 0.856485 0.767779 0.968883 0.884441 1.000000 0.988266 0.779836 0.949286 0.950327 0.912762 0.989197 0.813406 0.793447 0.904116 0.962939 0.975914 0.855387 0.668156 0.834089 0.954535 0.801086 0.787496 0.787906 0.802494 0.852606 0.932990 0.963605 0.972985 0.605789 0.819791 0.897697 0.888302 0.981935 0.829843 0.961616 0.932289 0.955986 0.712686 0.862505 0.915619 0.887401 0.868353 0.964523 0.763149 0.887328 0.676431 0.873084 0.793130
0.958268 0.912390 0.852620 0.855702 0.850370 0.981670 0.920054 0.712457 0.980593 0.900092 0.929686 0.778011 0.698937 0.804572 0.881783 0.795757 0.964759 0.919461 0.988266 1.000000 0.818457 0.957320 0.970289 0.914644 0.992834 0.793556 0.816672 0.918561 0.986425 0.988082 0.897934 0.696547 0.855404 0.935982 0.799452 0.824386 0.827755 0.847585 0.872823 0.965867 0.972754 0.970112 0.646672 0.847591 0.934502 0.863452 0.983826 0.859722 0.982674 0.964120 0.954790 0.706725 0.857690 0.949151 0.916303 0.896994 0.950882 0.750887 0.912098 0.712791 0.897164 0.754638
0.740808 0.589882 0.984257 0.992868 0.991076 0.786674 0.956202 0.982333 0.763111 0.588867 0.630079 0.988960 0.975334 0.991769 0.981913 0.989959 0.887515 0.969766 0.779836 0.818457 1.000000 0.927410 0.883733 0.606058 0.842209 0.419222 0.987082 0.955070 0.885589 0.846817 0.960038 0.969005 0.981958 0.649746 0.464548 0.997887 0.996786 0.976733 0.980407 0.893323 0.907072 0.821261 0.960710 0.988825 0.888056 0.491966 0.796431 0.989516 0.847757 0.905373 0.669656 0.371371 0.532078 0.843743 0.960881 0.981736 0.679680 0.397870 0.970964 0.982172 0.975802 0.376708
0.892516 0.833804 0.935800 0.948357 0.949910 0.947368 0.986041 0.861403 0.931670 0.802176 0.846242 0.908957 0.853653 0.923049 0.965847 0.918254 0.985973 0.969840 0.949286 0.957320 0.927410 1.000000 0.970683 0.819224 0.972552 0.679764 0.933813 0.978294 0.973849 0.967870 0.946632 0.855488 0.952162 0.866460 0.688683 0.931099 0.931446 0.926860 0.960906 0.961285 0.985830 0.959365 0.813695 0.948124 0.934246 0.751745 0.946657 0.949580 0.955660 0.969854 0.873394 0.597450 0.756917 0.925906 0.962969 0.972724 0.885023 0.641071 0.977593 0.864040 0.971665 0.651620
0.950475 0.868181 0.915157 0.912623 0.895762 0.953421 0.940142 0.798369 0.930894 0.882239 0.893881 0.838663 0.779672 0.858630 0.914610 0.853092 0.955984 0.961401 0.950327 0.970289 0.883733 0.970683 1.000000 0.881946 0.973578 0.752922 0.863421 0.925971 0.983594 0.986186 0.942405 0.768052 0.886275 0.892103 0.784313 0.887291 0.888398 0.910396 0.902322 0.987861 0.972397 0.979163 0.738910 0.886051 0.961302 0.801833 0.962639 0.905275 0.989683 0.984670 0.925690 0.703741 0.836595 0.968146 0.947093 0.933486 0.914337 0.735707 0.957489 0.795256 0.929532 0.702562
0.974777 0.958557 0.654795 0.648469 0.632335 0.937420 0.743522 0.473521 0.914921 0.988056 0.984024 0.537729 0.456407 0.569591 0.682049 0.557935 0.826204 0.744172 0.912762 0.914644 0.606058 0.819224 0.881946 1.000000 0.894594 0.959110 0.588268 0.720533 0.872435 0.905732 0.737328 0.450295 0.629955 0.968316 0.962326 0.607110 0.621673 0.662049 0.655679 0.873883 0.829293 0.903126 0.405454 0.624807 0.843515 0.969125 0.938957 0.638049 0.917504 0.876376 0.984260 0.909689 0.983332 0.894489 0.720712 0.706298 0.970830 0.935263 0.743685 0.477381 0.698343 0.918526
0.943289 0.907279 0.870072 0.876452 0.874554 0.977674 0.942741 0.745924 0.977754 0.880773 0.914869 0.809628 0.732899 0.833358 0.901352 0.825265 0.978652 0.931562 0.989197 0.992834 0.842209 0.972552 0.973578 0.894594 1.000000 0.772586 0.847119 0.937435 0.983068 0.985543 0.907041 0.733527 0.880298 0.926965 0.775484 0.848121 0.848928 0.862582 0.896341 0.963553 0.982562 0.974907 0.681745 0.871741 0.933059 0.843699 0.978518 0.882856 0.978711 0.961786 0.943380 0.682547 0.836028 0.942223 0.930979 0.916075 0.940693 0.727270 0.929552 0.745915 0.916060 0.739367
0.888500 0.943926 0.463903 0.465808 0.454052 0.851966 0.592388 0.286211 0.812716 0.963533 0.952946 0.351101 0.274878 0.385989 0.511255 0.374494 0.700261 0.565854 0.813406 0.793556 0.419222 0.679764 0.752922 0.959110 0.772586 1.000000 0.410298 0.552518 0.729766 0.790756 0.552401 0.272355 0.451957 0.933706 0.975973 0.419232 0.434377 0.471513 0.476653 0.722931 0.679898 0.811846 0.220895 0.444973 0.685998 0.979634 0.845752 0.454538 0.795903 0.736315 0.923090 0.959334 0.984246 0.758749 0.535741 0.526724 0.924818 0.986734 0.584568 0.295531 0.530457 0.984274
0.711185 0.601990 0.964550 0.983251 0.993512 0.794339 0.969237 0.974989 0.775296 0.564601 0.624846 0.992934 0.975787 0.995929 0.986236 0.994602 0.905036 0.951391 0.793447 0.816672 0.987082 0.933813 0.863421 0.588268 0.847119 0.410298 1.000000 0.970794 0.873784 0.838646 0.933709 0.979945 0.994281 0.659128 0.436025 0.987828 0.985341 0.953463 0.990367 0.866126 0.908817 0.820455 0.955024 0.995158 0.855403 0.497602 0.793010 0.987828 0.826884 0.882562 0.657808 0.342378 0.510545 0.811033 0.949823 0.978831 0.682534 0.377583 0.961095 0.978348 0.978737 0.388687
0.818124 0.739997 0.950278 0.968738 0.977701 0.897034 0.990859 0.903060 0.893076 0.696228 0.756168 0.946583 0.900208 0.960452 0.988074 0.956156 0.971519 0.971209 0.904116 0.918561 0.955070 0.978294 0.925971 0.720533 0.937435 0.552518 0.970794 1.000000 0.949702 0.924682 0.944031 0.906129 0.984961 0.790120 0.560138 0.958755 0.957477 0.936362 0.990731 0.926631 0.972685 0.901874 0.862602 0.978897 0.900769 0.649630 0.895398 0.976412 0.909414 0.937495 0.786009 0.456170 0.642403 0.874817 0.973121 0.984893 0.807026 0.507303 0.977190 0.906899 0.989022 0.531545
0.942826 0.859147 0.912838 0.916104 0.907015 0.964566 0.948862 0.793464 0.953707 0.861679 0.890002 0.844398 0.780220 0.868224 0.931756 0.861659 0.969795 0.963050 0.962939 0.986425 0.885589 0.973849 0.983594 0.872435 0.983068 0.729766 0.873784 0.949702 1.000000 0.990420 0.942005 0.772555 0.904695 0.895533 0.748630 0.890108 0.893555 0.905518 0.920291 0.984567 0.985582 0.965395 0.734463 0.901495 0.954358 0.800082 0.972839 0.914874 0.987379 0.985787 0.917377 0.652626 0.813529 0.956720 0.956692 0.942405 0.916394 0.697649 0.956917 0.793395 0.943809 0.683889
0.957255 0.907688 0.877480 0.884017 0.875023 0.979507 0.934494 0.749841 0.961822 0.903126 0.927318 0.803750 0.736950 0.830120 0.903169 0.824324 0.971472 0.937698 0.975914 0.988082 0.846817 0.967870 0.986186 0.905732 0.985543 0.790756 0.838646 0.924682 0.990420 1.000000 0.909171 0.730054 0.871286 0.932463 0.798651 0.852578 0.854885 0.867308 0.887852 0.974085 0.974806 0.985420 0.686390 0.866683 0.934276 0.850791 0.985642 0.880585 0.989413 0.975514 0.946602 0.713490 0.862246 0.950021 0.925560 0.912978 0.949798 0.763626 0.939973 0.750664 0.920448 0.753450
0.849760 0.696187 0.983180 0.966034 0.952976 0.854277 0.948176 0.912043 0.843539 0.716827 0.741642 0.931943 0.891642 0.939774 0.950658 0.934075 0.910740 0.982895 0.855387 0.897934 0.960038 0.946632 0.942405 0.737328 0.907041 0.552401 0.933709 0.944031 0.942005 0.909171 1.000000 0.879093 0.943838 0.741345 0.620470 0.959769 0.963411 0.989195 0.951721 0.964236 0.945691 0.880629 0.876418 0.949710 0.974295 0.613888 0.871062 0.965252 0.922744 0.956924 0.787913 0.526168 0.658870 0.948509 0.979532 0.973193 0.773023 0.528974 0.964801 0.903325 0.951732 0.488471
0.588164 0.460988 0.928768 0.950391 0.964508 0.676516 0.908743 0.990356 0.647815 0.427131 0.489272 0.987671 0.996697 0.982225 0.944033 0.983879 0.812615 0.890012 0.668156 0.696547 0.969005 0.855488 0.768052 0.450295 0.733527 0.272355 0.979945 0.906129 0.772555 0.730054 0.879093 1.000000 0.960879 0.523719 0.307024 0.967503 0.964146 0.919675 0.947921 0.773133 0.816314 0.713392 0.989438 0.966468 0.773598 0.352274 0.675524 0.952912 0.719322 0.795844 0.519698 0.223370 0.375821 0.715505 0.886439 0.929379 0.551790 0.248119 0.903952 0.994716 0.928869 0.253737
0.747621 0.646804 0.964253 0.984125 0.996307 0.830610 0.981490 0.957729 0.819263 0.606172 0.668830 0.985221 0.957589 0.992181 0.992037 0.990005 0.932302 0.963484 0.834089 0.855404 0.981958 0.952162 0.886275 0.629955 0.880298 0.451957 0.994281 0.984961 0.904695 0.871286 0.943838 0.960879 1.000000 0.701219 0.471274 0.985378 0.982534 0.953451 0.996458 0.889669 0.936169 0.848786 0.930636 0.997808 0.874871 0.546062 0.831545 0.992138 0.857852 0.904193 0.700017 0.371035 0.550621 0.835123 0.965991 0.986015 0.725592 0.412581 0.970142 0.960247 0.987766 0.429335
0.951029 0.985349 0.678066 0.691953 0.695497 0.973955 0.809416 0.525919 0.957063 0.963034 0.990066 0.599178 0.518867 0.633432 0.744853 0.625072 0.895470 0.771009 0.954535 0.935982 0.649746 0.866460 0.892103 0.968316 0.926965 0.933706 0.659128 0.790120 0.895533 0.932463 0.741345 0.523719 0.701219 1.000000 0.903938 0.652891 0.660753 0.675173 0.725107 0.866871 0.875987 0.938244 0.458054 0.687973 0.821957 0.975441 0.967795 0.693321 0.922322 0.879651 0.970517 0.846274 0.954563 0.866229 0.757250 0.747454 0.994036 0.898737 0.790125 0.536164 0.760257 0.927661
0.910372 0.912380 0.526757 0.505431 0.481616 0.840254 0.600993 0.339256 0.798362 0.967108 0.939612 0.388749 0.319008 0.419179 0.529898 0.407817 0.689523 0.607328 0.801086 0.799452 0.464548 0.688683 0.784313 0.962326 0.775484 0.975973 0.436025 0.560138 0.748630 0.798651 0.620470 0.307024 0.471274 0.903938 1.000000 0.462265 0.479277 0.544618 0.497075 0.769390 0.692750 0.816932 0.278454 0.470049 0.756904 0.946147 0.841072 0.490342 0.820304 0.768919 0.924746 0.984760 0.979447 0.824267 0.577704 0.557331 0.905043 0.977157 0.610053 0.340872 0.547808 0.935439
0.741319 0.595627 0.984697 0.995527 0.993710 0.790544 0.960600 0.980808 0.769827 0.590665 0.633385 0.990150 0.974149 0.993542 0.982566 0.992628 0.894067 0.972839 0.787496 0.824386 0.997887 0.931099 0.887291 0.607110 0.848121 0.419232 0.987828 0.958755 0.890108 0.852578 0.959769 0.967503 0.985378 0.652891 0.462265 1.000000 0.997604 0.976335 0.983305 0.895815 0.912814 0.825773 0.956627 0.990746 0.888001 0.494990 0.800812 0.992837 0.851762 0.906474 0.673810 0.367005 0.532777 0.844031 0.965999 0.984888 0.684371 0.396093 0.971770 0.978855 0.978966 0.376952
0.752318 0.600303 0.985805 0.994660 0.990671 0.796048 0.958268 0.977344 0.771848 0.600998 0.642561 0.986369 0.970999 0.990302 0.982471 0.988142 0.891925 0.972136 0.787906 0.827755 0.996786 0.931446 0.888398 0.621673 0.848928 0.434377 0.985341 0.957477 0.893555 0.854885 0.963411 0.964146 0.982534 0.660753 0.479277 0.997604 1.000000 0.978879 0.980901 0.902809 0.910880 0.825061 0.954818 0.989039 0.895512 0.505946 0.806025 0.989404 0.856166 0.915298 0.681835 0.384746 0.546931 0.852739 0.962440 0.985726 0.691065 0.412274 0.970305 0.975745 0.977058 0.390385
0.787078 0.625839 0.993624 0.977007 0.964749 0.803519 0.940408 0.948606 0.784877 0.644143 0.671290 0.958437 0.932359 0.961037 0.954417 0.957574 0.882050 0.974167 0.802494 0.847585 0.976733 0.926860 0.910396 0.662049 0.862582 0.471513 0.953463 0.936362 0.905518 0.867308 0.989195 0.919675 0.953451 0.675173 0.544618 0.976335 0.978879 1.000000 0.957247 0.930572 0.915938 0.842624 0.923300 0.961327 0.943759 0.533296 0.818529 0.974835 0.879862 0.926982 0.718069 0.458147 0.584118 0.908159 0.970306 0.973440 0.708290 0.455431 0.959350 0.940528 0.952356 0.411591
0.771298 0.669366 0.967703 0.984695 0.994057 0.849024 0.984910 0.947889 0.841306 0.632484 0.692991 0.977834 0.944707 0.985560 0.993443 0.984297 0.943032 0.972224 0.852606 0.872823 0.980407 0.960906 0.902322 0.655679 0.896341 0.476653 0.990367 0.990731 0.920291 0.887852 0.951721 0.947921 0.996458 0.725107 0.497075 0.983305 0.980901 0.957247 1.000000 0.906242 0.951084 0.865319 0.916217 0.993415 0.891192 0.571302 0.851063 0.991526 0.876349 0.918115 0.723446 0.395445 0.576150 0.853188 0.975275 0.989998 0.747501 0.437082 0.977147 0.949727 0.990159 0.451828
0.949907 0.831563 0.930816 0.918492 0.898502 0.937653 0.933294 0.807722 0.922263 0.860567 0.872004 0.845227 0.786343 0.864053 0.916675 0.856807 0.940471 0.967384 0.932990 0.965867 0.893323 0.961285 0.987861 0.873883 0.963553 0.722931 0.866126 0.926631 0.984567 0.974085 0.964236 0.773133 0.889669 0.866871 0.769390 0.895815 0.902809 0.930572 0.906242 1.000000 0.967714 0.949319 0.752584 0.891706 0.982983 0.773690 0.951211 0.909946 0.984995 0.991998 0.910103 0.679919 0.814353 0.983404 0.953552 0.941065 0.891085 0.701479 0.951734 0.801661 0.927429 0.660724
0.907716 0.841682 0.921906 0.930707 0.933788 0.953363 0.973850 0.829270 0.957500 0.815171 0.860002 0.880787 0.816910 0.900073 0.949491 0.896452 0.986413 0.968193 0.963605 0.972754 0.907072 0.985830 0.972397 0.829293 0.982562 0.679898 0.908817 0.972685 0.985582 0.974806 0.945691 0.816314 0.936169 0.875987 0.692750 0.912814 0.910880 0.915938 0.951084 0.967714 1.000000 0.958447 0.772182 0.927568 0.945206 0.765693 0.959925 0.938958 0.968402 0.967453 0.884795 0.592442 0.762900 0.936094 0.973441 0.958340 0.896131 0.635390 0.965916 0.828327 0.958583 0.646469
0.942560 0.927273 0.851532 0.857475 0.851902 0.976130 0.920000 0.730249 0.948739 0.909004 0.931853 0.784037 0.717858 0.807477 0.879297 0.803373 0.961778 0.910470 0.972985 0.970112 0.821261 0.959365 0.979163 0.903126 0.974907 0.811846 0.820455 0.901874 0.965395 0.985420 0.880629 0.713392 0.848786 0.938244 0.816932 0.825773 0.825061 0.842624 0.865319 0.949319 0.958447 1.000000 0.666613 0.841921 0.911391 0.863622 0.973621 0.857456 0.972110 0.951421 0.946984 0.746712 0.871087 0.931401 0.900930 0.887668 0.952472 0.790494 0.922556 0.731907 0.897046 0.785601
0.553832 0.394475 0.927121 0.935932 0.941643 0.617955 0.868955 0.992889 0.583854 0.384615 0.434062 0.975077 0.993937 0.965608 0.913366 0.967149 0.757333 0.871180 0.605789 0.646672 0.960710 0.813695 0.738910 0.405454 0.681745 0.220895 0.955024 0.862602 0.734463 0.686390 0.876418 0.989438 0.930636 0.458054 0.278454 0.956627 0.954818 0.923300 0.916217 0.752584 0.772182 0.666613 1.000000 0.942311 0.766915 0.286383 0.623850 0.933891 0.684773 0.770411 0.470460 0.201456 0.331884 0.704170 0.864046 0.905396 0.491247 0.208556 0.878912 0.992918 0.896912 0.188546
0.745950 0.631930 0.971870 0.989201 0.997334 0.820414 0.976954 0.966531 0.802735 0.601475 0.658595 0.989623 0.965930 0.995369 0.992488 0.992318 0.921494 0.966441 0.819791 0.847591 0.988825 0.948124 0.886051 0.624807 0.871741 0.444973 0.995158 0.978897 0.901495 0.866683 0.949710 0.966468 0.997808 0.687973 0.470049 0.990746 0.989039 0.961327 0.993415 0.891706 0.927568 0.841921 0.942311 1.000000 0.878228 0.531799 0.822670 0.993559 0.855501 0.906975 0.693272 0.371885 0.546237 0.838225 0.964156 0.987403 0.713592 0.410467 0.972086 0.969095 0.987662 0.416806
0.925431 0.787550 0.929632 0.903255 0.884050 0.899766 0.909999 0.813614 0.893185 0.824786 0.836292 0.843837 0.788165 0.856826 0.893120 0.849356 0.903670 0.950432 0.897697 0.934502 0.888056 0.934246 0.961302 0.843515 0.933059 0.685998 0.855403 0.900769 0.954358 0.934276 0.974295 0.773598 0.874871 0.821957 0.756904 0.888001 0.895512 0.943759 0.891192 0.982983 0.945206 0.911391 0.766915 0.878228 1.000000 0.732926 0.916869 0.900535 0.958036 0.970459 0.874709 0.671836 0.776955 0.989691 0.946699 0.925062 0.850639 0.662330 0.926030 0.803548 0.898249 0.615502
0.915106 0.977286 0.529533 0.539375 0.540004 0.912891 0.675860 0.356490 0.894710 0.968132 0.981142 0.432942 0.348767 0.470510 0.596730 0.460542 0.786747 0.637347 0.888302 0.863452 0.491966 0.751745 0.801833 0.969125 0.843699 0.979634 0.497602 0.649630 0.800082 0.850791 0.613888 0.352274 0.546062 0.975441 0.946147 0.494990 0.505946 0.533296 0.571302 0.773690 0.765693 0.863622 0.286383 0.531799 0.732926 1.000000 0.905087 0.539356 0.847147 0.785312 0.950341 0.906940 0.975561 0.795101 0.621499 0.603773 0.968039 0.948724 0.653747 0.366858 0.614885 0.973825
0.971589 0.942401 0.820449 0.830990 0.830641 0.992968 0.907484 0.688476 0.981663 0.932255 0.964038 0.750316 0.677371 0.779333 0.865439 0.772565 0.959646 0.894822 0.981935 0.983826 0.796431 0.946657 0.962639 0.938957 0.978518 0.845752 0.793010 0.895398 0.972839 0.985642 0.871062 0.675524 0.831545 0.967795 0.841072 0.800812 0.806025 0.818529 0.851063 0.951211 0.959925 0.973621 0.623850 0.822670 0.916869 0.905087 1.000000 0.832294 0.981598 0.959000 0.962599 0.760530 0.902786 0.937760 0.887293 0.872081 0.979953 0.809571 0.901489 0.693270 0.877823 0.818867
0.763685 0.643560 0.983690 0.993555 0.995705 0.823868 0.976869 0.964421 0.811486 0.622118 0.671120 0.984323 0.957307 0.991740 0.987183 0.989536 0.924939 0.979168 0.829843 0.859722 0.989516 0.949580 0.905275 0.638049 0.882856 0.454538 0.987828 0.976412 0.914874 0.880585 0.965252 0.952912 0.992138 0.693321 0.490342 0.992837 0.989404 0.974835 0.991526 0.909946 0.938958 0.857456 0.933891 0.993559 0.900535 0.539356 0.832294 1.000000 0.874452 0.916536 0.710261 0.391926 0.560992 0.861738 0.980944 0.990312 0.721948 0.424577 0.978886 0.961573 0.987497 0.417707
0.974618 0.894356 0.880291 0.879086 0.865016 0.969075 0.920735 0.747751 0.954039 0.914612 0.927121 0.795436 0.730304 0.820842 0.890444 0.813670 0.950374 0.940230 0.961616 0.982674 0.847757 0.955660 0.989683 0.917504 0.978711 0.795903 0.826884 0.909414 0.987379 0.989413 0.922744 0.719322 0.857852 0.922322 0.820304 0.851762 0.856166 0.879862 0.876349 0.984995 0.968402 0.972110 0.684773 0.855501 0.958036 0.847147 0.981598 0.874452 1.000000 0.983757 0.949278 0.737489 0.873663 0.971722 0.928597 0.908641 0.941750 0.772329 0.932965 0.746492 0.904805 0.745594
0.949766 0.835371 0.928670 0.927670 0.911910 0.949546 0.944222 0.820781 0.923120 0.861898 0.879689 0.859126 0.806419 0.878148 0.933949 0.870596 0.947953 0.966969 0.932289 0.964120 0.905373 0.969854 0.984670 0.876376 0.961786 0.736315 0.882562 0.937495 0.985787 0.975514 0.956924 0.795844 0.904193 0.879651 0.768919 0.906474 0.915298 0.926982 0.918115 0.991998 0.967453 0.951421 0.770411 0.906975 0.970459 0.785312 0.959000 0.916536 0.983757 1.000000 0.906720 0.683110 0.823541 0.969556 0.948175 0.948634 0.900650 0.714840 0.961115 0.821142 0.940512 0.682980
0.978557 0.968716 0.719449 0.716157 0.700374 0.961511 0.804479 0.543608 0.946548 0.979044 0.980567 0.611179 0.525645 0.641664 0.744575 0.631083 0.882574 0.806026 0.955986 0.954790 0.669656 0.873394 0.925690 0.984260 0.943380 0.923090 0.657808 0.786009 0.917377 0.946602 0.787913 0.519698 0.700017 0.970517 0.924746 0.673810 0.681835 0.718069 0.723446 0.910103 0.884795 0.946984 0.470460 0.693272 0.874709 0.950341 0.962599 0.710261 0.949278 0.906720 1.000000 0.858469 0.957181 0.917111 0.789775 0.769305 0.978376 0.893003 0.804427 0.544260 0.765960 0.881492
0.840668 0.861589 0.434990 0.409907 0.384957 0.763901 0.506590 0.254462 0.705034 0.924145 0.886419 0.295688 0.236446 0.324208 0.432346 0.313703 0.595244 0.508911 0.712686 0.706725 0.371371 0.597450 0.703741 0.909689 0.682547 0.959334 0.342378 0.456170 0.652626 0.713490 0.526168 0.223370 0.371035 0.846274 0.984760 0.367005 0.384746 0.458147 0.395445 0.679919 0.592442 0.746712 0.201456 0.371885 0.671836 0.906940 0.760530 0.391926 0.737489 0.683110 0.858469 1.000000 0.948862 0.748321 0.473480 0.457043 0.842440 0.977268 0.518983 0.257904 0.449766 0.927506
0.946117 0.953079 0.577586 0.576595 0.558424 0.900456 0.676995 0.399902 0.861500 0.991551 0.977295 0.457196 0.384437 0.492031 0.610287 0.481730 0.768787 0.673885 0.862505 0.857690 0.532078 0.756917 0.836595 0.983332 0.836028 0.984246 0.510545 0.642403 0.813529 0.862246 0.658870 0.375821 0.550621 0.954563 0.979447 0.532777 0.546931 0.584118 0.576150 0.814353 0.762900 0.871087 0.331884 0.546237 0.776955 0.975561 0.902786 0.560992 0.873663 0.823541 0.957181 0.948862 1.000000 0.839286 0.642282 0.627357 0.955118 0.977420 0.683964 0.406231 0.629444 0.953711
0.955501 0.839783 0.893865 0.866480 0.845277 0.922444 0.890062 0.756153 0.908784 0.880902 0.884302 0.791877 0.730778 0.809707 0.861722 0.801166 0.901831 0.927315 0.915619 0.949151 0.843743 0.925906 0.968146 0.894489 0.942223 0.758749 0.811033 0.874817 0.956720 0.950021 0.948509 0.715505 0.835123 0.866229 0.824267 0.844031 0.852739 0.908159 0.853188 0.983404 0.936094 0.931401 0.704170 0.838225 0.989691 0.795101 0.937760 0.861738 0.971722 0.969556 0.917111 0.748321 0.839286 1.000000 0.917342 0.894220 0.891121 0.740265 0.905336 0.747453 0.871626 0.690103
0.836849 0.716676 0.973399 0.973661 0.969809 0.873096 0.970275 0.909826 0.875163 0.708207 0.746965 0.941510 0.894504 0.952658 0.968404 0.950262 0.944559 0.990876 0.887401 0.916303 0.960881 0.962969 0.947093 0.720712 0.930979 0.535741 0.949823 0.973121 0.956692 0.925560 0.979532 0.886439 0.965991 0.757250 0.577704 0.965999 0.962440 0.970306 0.975275 0.953552 0.973441 0.900930 0.864046 0.964156 0.946699 0.621499 0.887293 0.980944 0.928597 0.948175 0.789775 0.473480 0.642282 0.917342 1.000000 0.982788 0.788136 0.501481 0.977177 0.902901 0.974022 0.485890
0.815778 0.697774 0.982455 0.991421 0.988136 0.865812 0.984058 0.940846 0.851717 0.682707 0.726551 0.969444 0.932179 0.977333 0.989555 0.973658 0.944746 0.988444 0.868353 0.896994 0.981736 0.972724 0.933486 0.706298 0.916075 0.526724 0.978831 0.984893 0.942405 0.912978 0.973193 0.929379 0.986015 0.747454 0.557331 0.984888 0.985726 0.973440 0.989998 0.941065 0.958340 0.887668 0.905396 0.987403 0.925062 0.603773 0.872081 0.990312 0.908641 0.948634 0.769305 0.457043 0.627357 0.894220 0.982788 1.000000 0.773334 0.493041 0.986618 0.939370 0.990029 0.485053
0.964018 0.983626 0.709293 0.721975 0.722780 0.981191 0.828103 0.560114 0.964157 0.968407 0.994051 0.629345 0.550767 0.662231 0.767353 0.655309 0.907933 0.800264 0.964523 0.950882 0.679680 0.885023 0.914337 0.970830 0.940693 0.924818 0.682534 0.807026 0.916394 0.949798 0.773023 0.551790 0.725592 0.994036 0.905043 0.684371 0.691065 0.708290 0.747501 0.891085 0.896131 0.952472 0.491247 0.713592 0.850639 0.968039 0.979953 0.721948 0.941750 0.900650 0.978376 0.842440 0.955118 0.891121 0.788136 0.773334 1.000000 0.890916 0.813673 0.567427 0.783463 0.909171
0.867063 0.909658 0.448421 0.444660 0.423506 0.814171 0.552045 0.270079 0.753975 0.953110 0.926190 0.321633 0.257371 0.356715 0.479430 0.345964 0.653976 0.541198 0.763149 0.750887 0.397870 0.641071 0.735707 0.935263 0.727270 0.986734 0.377583 0.507303 0.697649 0.763626 0.528974 0.248119 0.412581 0.898737 0.977157 0.396093 0.412274 0.455431 0.437082 0.701479 0.635390 0.790494 0.208556 0.410467 0.662330 0.948724 0.809571 0.424577 0.772329 0.714840 0.893003 0.977268 0.977420 0.740265 0.501481 0.493041 0.890916 1.000000 0.563172 0.279061 0.500299 0.968297
0.849284 0.744740 0.973202 0.984187 0.978241 0.892317 0.982297 0.919913 0.867546 0.737467 0.772501 0.946302 0.910149 0.959808 0.985619 0.956691 0.957432 0.989454 0.887328 0.912098 0.970964 0.977593 0.957489 0.743685 0.929552 0.584568 0.961095 0.977190 0.956917 0.939973 0.964801 0.903952 0.970142 0.790125 0.610053 0.971770 0.970305 0.959350 0.977147 0.951734 0.965916 0.922556 0.878912 0.972086 0.926030 0.653747 0.901489 0.978886 0.932965 0.961115 0.804427 0.518983 0.683964 0.905336 0.977177 0.986618 0.813673 0.563172 1.000000 0.921855 0.990702 0.547451
0.620762 0.473344 0.948406 0.963624 0.969868 0.687984 0.911624 0.997074 0.655433 0.459871 0.510125 0.989275 0.997847 0.984997 0.949808 0.986100 0.816214 0.910834 0.676431 0.712791 0.982172 0.864040 0.795256 0.477381 0.745915 0.295531 0.978348 0.906899 0.793395 0.750664 0.903325 0.994716 0.960247 0.536164 0.340872 0.978855 0.975745 0.940528 0.949727 0.801661 0.828327 0.731907 0.992918 0.969095 0.803548 0.366858 0.693270 0.961573 0.746492 0.821142 0.544260 0.257904 0.406231 0.747453 0.902901 0.939370 0.567427 0.279061 0.921855 1.000000 0.936718 0.265144
0.807280 0.708560 0.970178 0.988655 0.990438 0.874763 0.986277 0.933388 0.854421 0.684339 0.733395 0.963265 0.930866 0.976037 0.996425 0.973650 0.954596 0.981684 0.873084 0.897164 0.975802 0.971665 0.929532 0.698342 0.916060 0.530457 0.978737 0.989022 0.943809 0.920448 0.951732 0.928869 0.987766 0.760257 0.547808 0.978966 0.977058 0.952356 0.990159 0.927429 0.958583 0.897047 0.896912 0.987662 0.898248 0.614885 0.877823 0.987498 0.904805 0.940513 0.765960 0.449766 0.629444 0.871626 0.974022 0.990029 0.783463 0.500299 0.990702 0.936718 1.000000 0.500996
0.834813 0.940187 0.407797 0.422309 0.424486 0.833801 0.572766 0.250240 0.792959 0.924759 0.931921 0.320121 0.246775 0.356875 0.484137 0.346230 0.688016 0.512291 0.793130 0.754638 0.376708 0.651620 0.702562 0.918526 0.739367 0.984274 0.388686 0.531545 0.683889 0.753450 0.488471 0.253737 0.429335 0.927661 0.935439 0.376953 0.390385 0.411591 0.451828 0.660724 0.646469 0.785601 0.188546 0.416806 0.615502 0.973825 0.818867 0.417707 0.745594 0.682980 0.881492 0.927505 0.953711 0.690103 0.485890 0.485053 0.909171 0.968297 0.547451 0.265144 0.500996 1.000000
