1.000000 0.649017 0.684790 0.590442 0.629780 0.735116 0.576604 0.670304 0.517507 0.570356 0.699579 0.652787 0.588264 0.556543 0.549337 0.452528 0.579564 0.606754 0.525085 0.559912 0.680543 0.503462 0.627986 0.597178 0.480438 0.660895 0.447160 0.597603 0.611242 0.590411 0.626116 0.605493 0.612863 0.760585 0.620738 0.648650 0.465364 0.503926 0.618514 0.573404 0.592650 0.530170 0.596651 0.512010 0.435762 0.679417 0.438560 0.526029 0.445581 0.623894 0.519574 0.515363 0.566182 0.609243 0.504078 0.610182 0.684207 0.471681 0.499690 0.564829 0.629917 0.467962
0.649017 1.000000 0.807283 0.731666 0.520313 0.716896 0.429612 0.523278 0.357215 0.411013 0.524137 0.581086 0.569628 0.507497 0.466401 0.480662 0.515123 0.613582 0.556771 0.430462 0.571792 0.363768 0.707930 0.496584 0.461649 0.488614 0.434440 0.691474 0.676585 0.482166 0.520149 0.589838 0.441100 0.521285 0.431622 0.601607 0.408127 0.405651 0.609763 0.723374 0.645541 0.489626 0.568758 0.433134 0.445597 0.610436 0.462463 0.425641 0.413176 0.785828 0.469042 0.522912 0.548162 0.686709 0.590484 0.558527 0.644008 0.352213 0.409562 0.533235 0.737634 0.385647
0.684790 0.807283 1.000000 0.812982 0.507255 0.777466 0.462500 0.532256 0.428603 0.449331 0.556132 0.506220 0.605983 0.491026 0.506036 0.484571 0.611882 0.668224 0.612541 0.507264 0.598443 0.433898 0.666842 0.574790 0.527283 0.552130 0.361726 0.801824 0.756272 0.537934 0.545642 0.605408 0.501813 0.533858 0.477915 0.560611 0.451959 0.406370 0.648168 0.749711 0.692065 0.460394 0.624499 0.477056 0.447646 0.597053 0.442308 0.397856 0.425008 0.769348 0.481119 0.603539 0.449155 0.702728 0.546803 0.536047 0.631126 0.340235 0.456539 0.544659 0.764403 0.470299
0.590442 0.731666 0.812982 1.000001 0.433221 0.706265 0.389274 0.464084 0.368332 0.445193 0.487232 0.437456 0.559431 0.430234 0.485612 0.539753 0.513813 0.594411 0.531472 0.383401 0.539647 0.354512 0.602114 0.464089 0.484733 0.465023 0.255511 0.743957 0.709979 0.481200 0.506584 0.571420 0.402154 0.431074 0.358214 0.533028 0.375619 0.371262 0.543473 0.779635 0.708334 0.396476 0.646066 0.367210 0.408231 0.539246 0.392935 0.306147 0.395543 0.728463 0.420106 0.482669 0.369241 0.680611 0.489873 0.524655 0.582217 0.273420 0.440434 0.536698 0.750139 0.369673
0.629780 0.520313 0.507255 0.433221 0.999999 0.489009 0.609610 0.635464 0.439966 0.627824 0.618514 0.701441 0.588679 0.681210 0.696189 0.511879 0.529201 0.523861 0.556194 0.556001 0.807656 0.485228 0.509409 0.597207 0.551595 0.514443 0.506960 0.474227 0.500959 0.537992 0.579248 0.510023 0.784315 0.560481 0.494244 0.869035 0.506903 0.514639 0.464635 0.421121 0.553764 0.500465 0.587894 0.492922 0.535038 0.614708 0.464509 0.518450 0.454401 0.455430 0.425944 0.480035 0.536328 0.415416 0.492495 0.625371 0.605482 0.415097 0.456750 0.476273 0.503670 0.528598
0.735116 0.716896 0.777466 0.706265 0.489009 0.999999 0.523077 0.513911 0.455682 0.449531 0.551561 0.546303 0.520747 0.523368 0.430824 0.456499 0.511833 0.577227 0.522456 0.486565 0.572363 0.414929 0.695859 0.476797 0.484207 0.561528 0.365383 0.694460 0.830396 0.527737 0.502768 0.538731 0.548483 0.564216 0.494032 0.503853 0.422071 0.375093 0.698530 0.700185 0.653505 0.350748 0.579492 0.472741 0.465112 0.479645 0.458625 0.480016 0.500679 0.756066 0.525863 0.574711 0.400548 0.729958 0.488499 0.545649 0.585300 0.473005 0.480214 0.555916 0.768427 0.453327
0.576604 0.429612 0.462500 0.389274 0.609610 0.523077 1.000000 0.605895 0.444663 0.523002 0.510020 0.658630 0.463044 0.579971 0.562558 0.494539 0.546399 0.587911 0.458508 0.590162 0.548627 0.431261 0.489384 0.470663 0.524102 0.549540 0.510002 0.415670 0.562540 0.480083 0.528488 0.392344 0.579737 0.558960 0.467602 0.509742 0.479809 0.479898 0.470384 0.394880 0.435446 0.396547 0.454239 0.495197 0.594975 0.448487 0.598524 0.715820 0.672558 0.393426 0.519910 0.420323 0.422242 0.478912 0.441246 0.599388 0.451546 0.631226 0.371537 0.381967 0.539752 0.413915
0.670304 0.523278 0.532256 0.464084 0.635464 0.513911 0.605895 1.000000 0.411516 0.630265 0.676201 0.808821 0.608201 0.609736 0.595014 0.477478 0.459629 0.554143 0.495436 0.528177 0.659642 0.498534 0.485478 0.531435 0.455117 0.543542 0.372296 0.465892 0.500523 0.503062 0.660996 0.538084 0.581988 0.651091 0.462586 0.584328 0.409867 0.547334 0.477205 0.508584 0.505427 0.519735 0.597738 0.404632 0.479693 0.539539 0.480582 0.501826 0.502769 0.495134 0.477966 0.364503 0.513043 0.452436 0.510867 0.655579 0.534541 0.402657 0.424181 0.540823 0.573153 0.343299
0.517507 0.357215 0.428603 0.368332 0.439966 0.455682 0.444663 0.411516 1.000000 0.486961 0.503302 0.393111 0.408766 0.487432 0.424191 0.385955 0.533832 0.475415 0.456767 0.515972 0.457346 0.507026 0.493818 0.522056 0.487934 0.454113 0.459664 0.332556 0.419966 0.513322 0.442665 0.391119 0.431164 0.425694 0.457212 0.399722 0.580307 0.437772 0.401164 0.298622 0.427662 0.420613 0.395286 0.540948 0.584159 0.344683 0.375498 0.402488 0.379140 0.381013 0.552440 0.473206 0.518508 0.357774 0.456001 0.421356 0.473284 0.345579 0.481972 0.454520 0.460358 0.468869
0.570356 0.411013 0.449331 0.445193 0.627824 0.449531 0.523002 0.630265 0.486961 1.000000 0.741911 0.587318 0.490083 0.560903 0.551856 0.467043 0.411531 0.445769 0.427768 0.472271 0.580562 0.422097 0.402238 0.508486 0.604616 0.530449 0.304489 0.370157 0.510037 0.473202 0.522691 0.448566 0.567800 0.527708 0.414566 0.534639 0.336259 0.455862 0.382235 0.461130 0.603288 0.382795 0.455123 0.285511 0.489771 0.398109 0.451207 0.426115 0.460345 0.410055 0.429299 0.348641 0.492680 0.411787 0.424821 0.543626 0.456760 0.341178 0.467343 0.388828 0.509673 0.373144
0.699579 0.524137 0.556132 0.487232 0.618514 0.551561 0.510020 0.676201 0.503302 0.741911 1.000000 0.612482 0.593610 0.610406 0.488962 0.503665 0.460901 0.503931 0.472703 0.408195 0.631530 0.473652 0.498784 0.546762 0.469420 0.545733 0.330234 0.472828 0.539408 0.537253 0.656918 0.550709 0.608325 0.626214 0.395654 0.558203 0.406492 0.530593 0.473596 0.534146 0.615819 0.546991 0.579301 0.391065 0.431226 0.558617 0.425151 0.455847 0.429686 0.508649 0.464956 0.471619 0.565431 0.500773 0.495538 0.588278 0.559710 0.348935 0.433705 0.495181 0.583673 0.386822
0.652787 0.581086 0.506220 0.437456 0.701441 0.546303 0.658630 0.808821 0.393111 0.587318 0.612482 1.000000 0.586358 0.645971 0.565905 0.468345 0.453395 0.573391 0.482286 0.586911 0.590160 0.414987 0.467630 0.521744 0.459875 0.559513 0.510908 0.449145 0.522782 0.491785 0.577946 0.512570 0.563613 0.640648 0.456895 0.594794 0.427711 0.525038 0.496738 0.475475 0.480365 0.413797 0.561297 0.423392 0.489409 0.537039 0.492414 0.565408 0.521279 0.460997 0.473340 0.352648 0.535444 0.493999 0.492825 0.649412 0.533200 0.422465 0.397860 0.519547 0.547900 0.361677
0.588264 0.569628 0.605983 0.559431 0.588679 0.520747 0.463044 0.608201 0.408766 0.490083 0.593610 0.586358 1.000002 0.522605 0.559927 0.448374 0.536225 0.561414 0.493264 0.499623 0.599532 0.526506 0.458596 0.569925 0.482718 0.488164 0.437581 0.573487 0.512362 0.544805 0.630299 0.827477 0.541305 0.503143 0.451361 0.599216 0.469953 0.494252 0.573512 0.598784 0.532514 0.533339 0.797621 0.463322 0.466366 0.623069 0.408890 0.442004 0.384930 0.578229 0.509555 0.569891 0.433267 0.467024 0.607099 0.559559 0.620555 0.474816 0.585217 0.508283 0.540030 0.411593
0.556543 0.507497 0.491026 0.430234 0.681210 0.523368 0.579971 0.609736 0.487432 0.560903 0.610406 0.645971 0.522605 0.999999 0.585687 0.417642 0.484664 0.580833 0.512626 0.505928 0.611316 0.453378 0.512154 0.526561 0.481972 0.580565 0.450371 0.418618 0.559991 0.423167 0.629675 0.486467 0.666325 0.533579 0.439617 0.634262 0.496994 0.567767 0.454274 0.406107 0.473179 0.454825 0.524107 0.485139 0.583197 0.481615 0.472105 0.586953 0.493226 0.455009 0.563892 0.451736 0.429656 0.509883 0.542605 0.736841 0.515391 0.393575 0.436358 0.455769 0.540071 0.437446
0.549337 0.466401 0.506036 0.485612 0.696189 0.430824 0.562558 0.595014 0.424191 0.551856 0.488962 0.565905 0.559927 0.585687 0.999999 0.512074 0.545991 0.558878 0.519675 0.672153 0.582937 0.459940 0.453895 0.582265 0.672351 0.624242 0.482356 0.444491 0.433545 0.446058 0.590114 0.505494 0.538091 0.487596 0.440588 0.662247 0.462033 0.537472 0.453821 0.489095 0.492639 0.467312 0.526545 0.432691 0.548605 0.510095 0.481602 0.488469 0.428596 0.444843 0.485592 0.398678 0.501456 0.443059 0.474702 0.641838 0.481453 0.365695 0.474846 0.421611 0.434845 0.460232
0.452528 0.480662 0.484571 0.539753 0.511879 0.456499 0.494539 0.477478 0.385955 0.467043 0.503665 0.468345 0.448374 0.417642 0.512074 1.000000 0.507227 0.520100 0.491868 0.464367 0.531856 0.318057 0.435916 0.462173 0.502389 0.512005 0.316932 0.467637 0.466672 0.500994 0.494012 0.463929 0.447517 0.413726 0.388687 0.529021 0.375964 0.376176 0.428509 0.465269 0.508158 0.367330 0.519595 0.360403 0.387122 0.429127 0.360212 0.357099 0.365708 0.510223 0.339953 0.448697 0.463394 0.484761 0.361860 0.451520 0.470825 0.372351 0.453236 0.549393 0.549708 0.407484
0.579564 0.515123 0.611882 0.513813 0.529201 0.511833 0.546399 0.459629 0.533832 0.411531 0.460901 0.453395 0.536225 0.484664 0.545991 0.507227 1.000000 0.846543 0.552740 0.559330 0.531603 0.523785 0.556389 0.562055 0.482704 0.523337 0.469365 0.518909 0.536156 0.509686 0.500792 0.449776 0.464554 0.473619 0.510091 0.520977 0.566956 0.460420 0.502092 0.448406 0.558004 0.510187 0.512146 0.566145 0.470818 0.512520 0.396261 0.394586 0.426937 0.541252 0.488086 0.525968 0.464410 0.580544 0.566365 0.483165 0.535543 0.412208 0.480281 0.503911 0.603837 0.498970
0.606754 0.613582 0.668224 0.594411 0.523861 0.577227 0.587911 0.554143 0.475415 0.445769 0.503931 0.573391 0.561414 0.580833 0.558878 0.520100 0.846543 1.000000 0.568827 0.572389 0.558235 0.473609 0.606063 0.547045 0.514639 0.614319 0.393071 0.554282 0.638339 0.519085 0.582579 0.481871 0.471295 0.515327 0.509632 0.511797 0.504881 0.524828 0.551687 0.564407 0.607409 0.483045 0.579903 0.481448 0.484592 0.559734 0.449737 0.490860 0.460755 0.643972 0.474907 0.507953 0.447251 0.666358 0.586248 0.611847 0.548427 0.433314 0.473796 0.490552 0.649592 0.489753
0.525085 0.556771 0.612541 0.531472 0.556194 0.522456 0.458508 0.495436 0.456767 0.427768 0.472703 0.482286 0.493264 0.512626 0.519675 0.491868 0.552740 0.568827 0.999999 0.527073 0.555048 0.429863 0.572137 0.528692 0.524836 0.564253 0.381232 0.631239 0.531363 0.467342 0.470474 0.600360 0.487366 0.460296 0.382940 0.485779 0.471589 0.409602 0.553097 0.488841 0.556711 0.413185 0.559008 0.453497 0.526902 0.448355 0.447986 0.401195 0.439475 0.529478 0.430278 0.499704 0.382067 0.532458 0.471424 0.499697 0.479475 0.359018 0.420996 0.565878 0.516679 0.410423
0.559912 0.430462 0.507264 0.383401 0.556001 0.486565 0.590162 0.528177 0.515972 0.472271 0.408195 0.586911 0.499623 0.505928 0.672153 0.464367 0.559330 0.572389 0.527073 1.000000 0.472209 0.416352 0.455541 0.619649 0.613388 0.642140 0.544201 0.431059 0.451629 0.454470 0.545662 0.470678 0.460678 0.531565 0.622340 0.501584 0.502519 0.526202 0.483833 0.416527 0.433318 0.438976 0.473497 0.496526 0.536561 0.494480 0.438096 0.448611 0.437313 0.414203 0.470881 0.459451 0.444467 0.440259 0.453916 0.508694 0.504931 0.445634 0.630077 0.482216 0.441692 0.513698
0.680543 0.571792 0.598443 0.539647 0.807656 0.572363 0.548627 0.659642 0.457346 0.580562 0.631530 0.590160 0.599532 0.611316 0.582937 0.531856 0.531603 0.558235 0.555048 0.472209 0.999999 0.496580 0.560024 0.595977 0.530973 0.505295 0.374535 0.596915 0.566093 0.582911 0.627108 0.521464 0.823966 0.615975 0.527222 0.767981 0.476379 0.498667 0.543474 0.516916 0.619217 0.498064 0.614797 0.481966 0.566459 0.688035 0.422530 0.467606 0.418696 0.585083 0.468300 0.536958 0.504113 0.503062 0.518804 0.632232 0.649034 0.411785 0.437411 0.538279 0.625236 0.539034
0.503462 0.363768 0.433898 0.354512 0.485228 0.414929 0.431261 0.498534 0.507026 0.422097 0.473652 0.414987 0.526506 0.453378 0.459940 0.318057 0.523785 0.473609 0.429863 0.416352 0.496580 1.000000 0.426495 0.436781 0.398721 0.408370 0.322960 0.360814 0.389426 0.380068 0.475801 0.481953 0.433821 0.467071 0.374717 0.481609 0.402309 0.412509 0.479604 0.315323 0.413408 0.484126 0.500465 0.381479 0.485166 0.425722 0.432875 0.366780 0.411248 0.350057 0.603398 0.443257 0.442184 0.353777 0.403944 0.455708 0.433211 0.376531 0.436139 0.423225 0.480968 0.386404
0.627986 0.707930 0.666842 0.602114 0.509409 0.695859 0.489384 0.485478 0.493818 0.402238 0.498784 0.467630 0.458596 0.512154 0.453895 0.435916 0.556389 0.606063 0.572137 0.455541 0.560024 0.426495 1.000001 0.484802 0.488373 0.435018 0.406453 0.613057 0.638009 0.492306 0.454803 0.461075 0.447979 0.511559 0.481285 0.529016 0.507773 0.422905 0.716836 0.567206 0.597662 0.498583 0.546981 0.513807 0.479249 0.477248 0.434588 0.459504 0.427119 0.786592 0.463042 0.540442 0.453951 0.686902 0.575982 0.520237 0.551661 0.434959 0.458736 0.498315 0.645831 0.496650
0.597178 0.496584 0.574790 0.464089 0.597207 0.476797 0.470663 0.531435 0.522056 0.508486 0.546762 0.521744 0.569925 0.526561 0.582265 0.462173 0.562055 0.547045 0.528692 0.619649 0.595977 0.436781 0.484802 1.000000 0.496708 0.602299 0.507807 0.433628 0.467978 0.530355 0.597866 0.532322 0.550658 0.523760 0.555327 0.615457 0.524589 0.479422 0.525693 0.407394 0.553072 0.494010 0.546095 0.498258 0.456153 0.573921 0.330552 0.419103 0.343770 0.445981 0.465888 0.434136 0.461757 0.513409 0.489470 0.517953 0.689106 0.350755 0.561102 0.483959 0.516773 0.496131
0.480438 0.461649 0.527283 0.484733 0.551595 0.484207 0.524102 0.455117 0.487934 0.604616 0.469420 0.459875 0.482718 0.481972 0.672351 0.502389 0.482704 0.514639 0.524836 0.613388 0.530973 0.398721 0.488373 0.496708 1.000000 0.530838 0.440400 0.484479 0.506022 0.490760 0.444204 0.464582 0.514898 0.417564 0.440617 0.487374 0.420675 0.436555 0.443131 0.525771 0.546303 0.413983 0.455494 0.391939 0.553545 0.433172 0.505320 0.460946 0.463867 0.456493 0.465798 0.475244 0.461665 0.489227 0.487635 0.482077 0.432551 0.339139 0.513290 0.472208 0.486147 0.528888
0.660895 0.488614 0.552130 0.465023 0.514443 0.561528 0.549540 0.543542 0.454113 0.530449 0.545733 0.559513 0.488164 0.580565 0.624242 0.512005 0.523337 0.614319 0.564253 0.642140 0.505295 0.408370 0.435018 0.602299 0.530838 1.000001 0.375889 0.468417 0.536913 0.451237 0.585598 0.540842 0.462447 0.577377 0.531231 0.497155 0.400302 0.489038 0.504078 0.542845 0.514913 0.385722 0.505067 0.407425 0.435200 0.485223 0.481031 0.432086 0.476770 0.474340 0.475910 0.379207 0.426029 0.525369 0.443166 0.628830 0.518156 0.303176 0.474185 0.475100 0.499833 0.450885
0.447160 0.434440 0.361726 0.255511 0.506960 0.365383 0.510002 0.372296 0.459664 0.304489 0.330234 0.510908 0.437581 0.450371 0.482356 0.316932 0.469365 0.393071 0.381232 0.544201 0.374535 0.322960 0.406453 0.507807 0.440400 0.375889 1.000001 0.255869 0.259971 0.468217 0.422104 0.363169 0.354285 0.350287 0.348694 0.480849 0.820803 0.411028 0.324297 0.267865 0.269329 0.512072 0.282580 0.806710 0.474607 0.376034 0.436836 0.540707 0.421048 0.314341 0.415733 0.294501 0.435831 0.328472 0.450556 0.402151 0.444564 0.386491 0.298580 0.312871 0.304119 0.407125
0.597603 0.691474 0.801824 0.743957 0.474227 0.694460 0.415670 0.465892 0.332556 0.370157 0.472828 0.449145 0.573487 0.418618 0.444491 0.467637 0.518909 0.554282 0.631239 0.431059 0.596915 0.360814 0.613057 0.433628 0.484479 0.468417 0.255869 1.000000 0.698221 0.481910 0.506047 0.641983 0.506351 0.464651 0.406993 0.517326 0.346497 0.371862 0.649032 0.736432 0.666801 0.394717 0.650156 0.368943 0.377107 0.572624 0.367274 0.332991 0.386928 0.727872 0.458136 0.578260 0.387056 0.654641 0.472782 0.494493 0.594397 0.369105 0.438567 0.624213 0.667382 0.421363
0.611242 0.676585 0.756272 0.709979 0.500959 0.830396 0.562540 0.500523 0.419966 0.510037 0.539408 0.522782 0.512362 0.559991 0.433545 0.466672 0.536156 0.638339 0.531363 0.451629 0.566093 0.389426 0.638009 0.467978 0.506022 0.536913 0.259971 0.698221 1.000000 0.512190 0.500870 0.524094 0.599356 0.496150 0.413997 0.485501 0.343111 0.384089 0.637597 0.682428 0.743894 0.287520 0.623782 0.353659 0.489967 0.482682 0.519026 0.519704 0.586274 0.706522 0.578926 0.531086 0.389308 0.754104 0.490095 0.554127 0.511447 0.456621 0.464880 0.560070 0.798569 0.458526
0.590411 0.482166 0.537934 0.481200 0.537992 0.527737 0.480083 0.503062 0.513322 0.473202 0.537253 0.491785 0.544805 0.423167 0.446058 0.500994 0.509686 0.519085 0.467342 0.454470 0.582911 0.380068 0.492306 0.530355 0.490760 0.451237 0.468217 0.481910 0.512190 1.000000 0.560143 0.448150 0.525817 0.571746 0.515951 0.524069 0.544016 0.516586 0.499515 0.474244 0.484354 0.459299 0.494565 0.534917 0.457023 0.504706 0.393420 0.464256 0.394396 0.521187 0.443521 0.469818 0.505079 0.502284 0.474688 0.508851 0.498555 0.456589 0.469554 0.577865 0.531444 0.463062
0.626116 0.520149 0.545642 0.506584 0.579248 0.502768 0.528488 0.660996 0.442665 0.522691 0.656918 0.577946 0.630299 0.629675 0.590114 0.494012 0.500792 0.582579 0.470474 0.545662 0.627108 0.475801 0.454803 0.597866 0.444204 0.585598 0.422104 0.506047 0.500870 0.560143 1.000001 0.575829 0.514982 0.646104 0.484468 0.596465 0.445325 0.756716 0.452671 0.535034 0.524710 0.522482 0.576829 0.441000 0.469176 0.616480 0.405240 0.433915 0.414009 0.524147 0.479263 0.440631 0.517520 0.481328 0.534905 0.805799 0.553873 0.382288 0.526341 0.550403 0.522175 0.403027
0.605493 0.589838 0.605408 0.571420 0.510023 0.538731 0.392344 0.538084 0.391119 0.448566 0.550709 0.512570 0.827477 0.486467 0.505494 0.463929 0.449776 0.481871 0.600360 0.470678 0.521464 0.481953 0.461075 0.532322 0.464582 0.540842 0.363169 0.641983 0.524094 0.448150 0.575829 1.000001 0.498240 0.473344 0.408590 0.557046 0.393661 0.435881 0.576032 0.536026 0.542228 0.445347 0.799438 0.393799 0.390790 0.567219 0.375699 0.414040 0.337371 0.562909 0.462044 0.558371 0.405649 0.486249 0.532585 0.511827 0.608101 0.450445 0.567557 0.592294 0.533161 0.322781
0.612863 0.441100 0.501813 0.402154 0.784315 0.548483 0.579737 0.581988 0.431164 0.567800 0.608325 0.563613 0.541305 0.666325 0.538091 0.447517 0.464554 0.471295 0.487366 0.460678 0.823966 0.433821 0.447979 0.550658 0.514898 0.462447 0.354285 0.506351 0.599356 0.525817 0.514982 0.498240 1.000000 0.571279 0.465705 0.682936 0.402629 0.428926 0.476485 0.374602 0.476623 0.414037 0.544001 0.410824 0.533129 0.544976 0.376508 0.583539 0.399055 0.455470 0.493532 0.510887 0.417051 0.466669 0.427627 0.536737 0.529432 0.441114 0.391383 0.512889 0.545852 0.477931
0.760585 0.521285 0.533858 0.431074 0.560481 0.564216 0.558960 0.651091 0.425694 0.527708 0.626214 0.640648 0.503143 0.533579 0.487596 0.413726 0.473619 0.515327 0.460296 0.531565 0.615975 0.467071 0.511559 0.523760 0.417564 0.577377 0.350287 0.464651 0.496150 0.571746 0.646104 0.473344 0.571279 0.999999 0.711691 0.545252 0.370100 0.552285 0.552265 0.482306 0.475706 0.447657 0.518264 0.391371 0.474594 0.608619 0.404896 0.485592 0.440199 0.495112 0.481582 0.405711 0.535111 0.515589 0.401509 0.620360 0.578809 0.464870 0.542236 0.487290 0.561496 0.426746
0.620738 0.431622 0.477915 0.358214 0.494244 0.494032 0.467602 0.462586 0.457212 0.414566 0.395654 0.456895 0.451361 0.439617 0.440588 0.388687 0.510091 0.509632 0.382940 0.622340 0.527222 0.374717 0.481285 0.555327 0.440617 0.531231 0.348694 0.406993 0.413997 0.515951 0.484468 0.408590 0.465705 0.711691 1.000001 0.536258 0.382143 0.456315 0.557755 0.357450 0.401345 0.334092 0.477893 0.395617 0.423080 0.480126 0.318237 0.342010 0.333813 0.477586 0.373111 0.403322 0.386341 0.457258 0.428122 0.472629 0.608625 0.514754 0.684550 0.429797 0.455141 0.525682
0.648650 0.601607 0.560611 0.533028 0.869035 0.503853 0.509742 0.584328 0.399722 0.534639 0.558203 0.594794 0.599216 0.634262 0.662247 0.529021 0.520977 0.511797 0.485779 0.501584 0.767981 0.481609 0.529016 0.615457 0.487374 0.497155 0.480849 0.517326 0.485501 0.524069 0.596465 0.557046 0.682936 0.545252 0.536258 0.999998 0.488601 0.474711 0.503803 0.462458 0.587777 0.509272 0.625488 0.481921 0.472156 0.667242 0.385374 0.432257 0.369790 0.509077 0.448609 0.468238 0.514971 0.475358 0.519743 0.617784 0.687806 0.380317 0.534381 0.476601 0.542491 0.495194
0.465364 0.408127 0.451959 0.375619 0.506903 0.422071 0.479809 0.409867 0.580307 0.336259 0.406492 0.427711 0.469953 0.496994 0.462033 0.375964 0.566956 0.504881 0.471589 0.502519 0.476379 0.402309 0.507773 0.524589 0.420675 0.400302 0.820803 0.346497 0.343111 0.544016 0.445325 0.393661 0.402629 0.370100 0.382143 0.488601 1.000000 0.463632 0.368793 0.325822 0.363236 0.581631 0.381522 0.946692 0.543411 0.363586 0.477254 0.475562 0.477990 0.428873 0.427979 0.383603 0.382642 0.387065 0.496467 0.436379 0.471668 0.416366 0.364021 0.391392 0.402230 0.477015
0.503926 0.405651 0.406370 0.371262 0.514639 0.375093 0.479898 0.547334 0.437772 0.455862 0.530593 0.525038 0.494252 0.567767 0.537472 0.376176 0.460420 0.524828 0.409602 0.526202 0.498667 0.412509 0.422905 0.479422 0.436555 0.489038 0.411028 0.371862 0.384089 0.516586 0.756716 0.435881 0.428926 0.552285 0.456315 0.474711 0.463632 1.000000 0.362913 0.409527 0.388672 0.452251 0.427556 0.430699 0.470846 0.439394 0.438482 0.466617 0.429727 0.418669 0.409369 0.389880 0.508166 0.363072 0.469352 0.704733 0.369031 0.344914 0.423401 0.454465 0.408321 0.478491
0.618514 0.609763 0.648168 0.543473 0.464635 0.698530 0.470384 0.477205 0.401164 0.382235 0.473596 0.496738 0.573512 0.454274 0.453821 0.428509 0.502092 0.551687 0.553097 0.483833 0.543474 0.479604 0.716836 0.525693 0.443131 0.504078 0.324297 0.649032 0.637597 0.499515 0.452671 0.576032 0.476485 0.552265 0.557755 0.503803 0.368793 0.362913 1.000000 0.583044 0.557911 0.313315 0.641821 0.393501 0.417379 0.471359 0.389935 0.448824 0.393594 0.668796 0.495396 0.533767 0.402298 0.694767 0.470620 0.467425 0.592585 0.541486 0.499635 0.485680 0.605233 0.477931
0.573404 0.723374 0.749711 0.779635 0.421121 0.700185 0.394880 0.508584 0.298622 0.461130 0.534146 0.475475 0.598784 0.406107 0.489095 0.465269 0.448406 0.564407 0.488841 0.416527 0.516916 0.315323 0.567206 0.407394 0.525771 0.542845 0.267865 0.736432 0.682428 0.474244 0.535034 0.536026 0.374602 0.482306 0.357450 0.462458 0.325822 0.409527 0.583044 0.999999 0.711286 0.419967 0.579734 0.330571 0.390424 0.525326 0.484462 0.310061 0.470044 0.702229 0.423669 0.485598 0.455487 0.651256 0.523801 0.515033 0.535908 0.277788 0.426957 0.476866 0.659609 0.369235
0.592650 0.645541 0.692065 0.708334 0.553764 0.653505 0.435446 0.505427 0.427662 0.603288 0.615819 0.480365 0.532514 0.473179 0.492639 0.508158 0.558004 0.607409 0.556711 0.433318 0.619217 0.413408 0.597662 0.553072 0.546303 0.514913 0.269329 0.666801 0.743894 0.484354 0.524710 0.542228 0.476623 0.475706 0.401345 0.587777 0.363236 0.388672 0.557911 0.711286 1.000000 0.402170 0.659461 0.332399 0.431266 0.541032 0.442267 0.343876 0.501980 0.621441 0.506942 0.464538 0.449829 0.707427 0.526905 0.519805 0.574965 0.331173 0.536657 0.543487 0.749442 0.361578
0.530170 0.489626 0.460394 0.396476 0.500465 0.350748 0.396547 0.519735 0.420613 0.382795 0.546991 0.413797 0.533339 0.454825 0.467312 0.367330 0.510187 0.483045 0.413185 0.438976 0.498064 0.484126 0.498583 0.494010 0.413983 0.385722 0.512072 0.394717 0.287520 0.459299 0.522482 0.445347 0.414037 0.447657 0.334092 0.509272 0.581631 0.452251 0.313315 0.419967 0.402170 1.000000 0.428915 0.586174 0.422484 0.600491 0.420342 0.411259 0.340688 0.421775 0.437472 0.399537 0.534292 0.339550 0.604103 0.403668 0.528103 0.309413 0.361007 0.435374 0.398817 0.386586
0.596651 0.568758 0.624499 0.646066 0.587894 0.579492 0.454239 0.597738 0.395286 0.455123 0.579301 0.561297 0.797621 0.524107 0.526545 0.519595 0.512146 0.579903 0.559008 0.473497 0.614797 0.500465 0.546981 0.546095 0.455494 0.505067 0.282580 0.650156 0.623782 0.494565 0.576829 0.799438 0.544001 0.518264 0.477893 0.625488 0.381522 0.427556 0.641821 0.579734 0.659461 0.428915 0.999999 0.350561 0.422544 0.601669 0.371916 0.395482 0.385266 0.621074 0.478330 0.603006 0.368949 0.593896 0.531702 0.535930 0.644178 0.478817 0.636101 0.559335 0.628678 0.435785
0.512010 0.433134 0.477056 0.367210 0.492922 0.472741 0.495197 0.404632 0.540948 0.285511 0.391065 0.423392 0.463322 0.485139 0.432691 0.360403 0.566145 0.481448 0.453497 0.496526 0.481966 0.381479 0.513807 0.498258 0.391939 0.407425 0.806710 0.368943 0.353659 0.534917 0.441000 0.393799 0.410824 0.391371 0.395617 0.481921 0.946692 0.430699 0.393501 0.330571 0.332399 0.586174 0.350561 1.000000 0.518834 0.389836 0.437205 0.464585 0.456806 0.440884 0.429426 0.403016 0.377323 0.384103 0.489752 0.433811 0.493483 0.439168 0.344681 0.399871 0.416356 0.474397
0.435762 0.445597 0.447646 0.408231 0.535038 0.465112 0.594975 0.479693 0.584159 0.489771 0.431226 0.489409 0.466366 0.583197 0.548605 0.387122 0.470818 0.484592 0.526902 0.536561 0.566459 0.485166 0.479249 0.456153 0.553545 0.435200 0.474607 0.377107 0.489967 0.457023 0.469176 0.390790 0.533129 0.474594 0.423080 0.472156 0.543411 0.470846 0.417379 0.390424 0.431266 0.422484 0.422544 0.518834 0.999999 0.403440 0.514367 0.551043 0.548749 0.450775 0.618916 0.458701 0.438189 0.472086 0.488088 0.521549 0.424952 0.416668 0.428235 0.375725 0.512670 0.458996
0.679417 0.610436 0.597053 0.539246 0.614708 0.479645 0.448487 0.539539 0.344683 0.398109 0.558617 0.537039 0.623069 0.481615 0.510095 0.429127 0.512520 0.559734 0.448355 0.494480 0.688035 0.425722 0.477248 0.573921 0.433172 0.485223 0.376034 0.572624 0.482682 0.504706 0.616480 0.567219 0.544976 0.608619 0.480126 0.667242 0.363586 0.439394 0.471359 0.525326 0.541032 0.600491 0.601669 0.389836 0.403440 0.999999 0.398416 0.408887 0.337534 0.482806 0.469021 0.532962 0.578518 0.433205 0.539663 0.515045 0.756727 0.334677 0.461430 0.491193 0.542807 0.484389
0.438560 0.462463 0.442308 0.392935 0.464509 0.458625 0.598524 0.480582 0.375498 0.451207 0.425151 0.492414 0.408890 0.472105 0.481602 0.360212 0.396261 0.449737 0.447986 0.438096 0.422530 0.432875 0.434588 0.330552 0.505320 0.481031 0.436836 0.367274 0.519026 0.393420 0.405240 0.375699 0.376508 0.404896 0.318237 0.385374 0.477254 0.438482 0.389935 0.484462 0.442267 0.420342 0.371916 0.437205 0.514367 0.398416 1.000000 0.627660 0.820756 0.379467 0.484184 0.315553 0.430606 0.362562 0.464504 0.496129 0.380313 0.494431 0.297402 0.388241 0.444909 0.438035
0.526029 0.425641 0.397856 0.306147 0.518450 0.480016 0.715820 0.501826 0.402488 0.426115 0.455847 0.565408 0.442004 0.586953 0.488469 0.357099 0.394586 0.490860 0.401195 0.448611 0.467606 0.366780 0.459504 0.419103 0.460946 0.432086 0.540707 0.332991 0.519704 0.464256 0.433915 0.414040 0.583539 0.485592 0.342010 0.432257 0.475562 0.466617 0.448824 0.310061 0.343876 0.411259 0.395482 0.464585 0.551043 0.408887 0.627660 1.000000 0.590342 0.397358 0.498943 0.347578 0.392164 0.464941 0.451636 0.523697 0.403729 0.609473 0.235540 0.349085 0.444995 0.383293
0.445581 0.413176 0.425008 0.395543 0.454401 0.500679 0.672558 0.502769 0.379140 0.460345 0.429686 0.521279 0.384930 0.493226 0.428596 0.365709 0.426937 0.460755 0.439475 0.437313 0.418696 0.411248 0.427119 0.343770 0.463867 0.476770 0.421048 0.386928 0.586274 0.394396 0.414009 0.337371 0.399055 0.440199 0.333813 0.369790 0.477990 0.429727 0.393593 0.470044 0.501980 0.340688 0.385266 0.456806 0.548749 0.337534 0.820756 0.590342 1.000000 0.369625 0.548537 0.325815 0.357256 0.449947 0.397906 0.518819 0.379565 0.498171 0.385448 0.400777 0.528137 0.418109
0.623894 0.785828 0.769348 0.728463 0.455430 0.756066 0.393426 0.495134 0.381013 0.410055 0.508649 0.460997 0.578229 0.455009 0.444843 0.510223 0.541252 0.643972 0.529478 0.414203 0.585083 0.350057 0.786592 0.445981 0.456493 0.474340 0.314341 0.727872 0.706522 0.521187 0.524147 0.562909 0.455470 0.495112 0.477586 0.509077 0.428873 0.418669 0.668796 0.702229 0.621441 0.421775 0.621074 0.440884 0.450775 0.482806 0.379467 0.397358 0.369625 1.000000 0.413310 0.539735 0.411532 0.742715 0.575702 0.537509 0.542885 0.423483 0.465409 0.532497 0.688307 0.498805
0.519574 0.469042 0.481119 0.420106 0.425944 0.525863 0.519910 0.477966 0.552440 0.429299 0.464956 0.473340 0.509556 0.563892 0.485592 0.339953 0.488086 0.474907 0.430278 0.470881 0.468300 0.603398 0.463042 0.465888 0.465798 0.475910 0.415733 0.458136 0.578926 0.443521 0.479262 0.462044 0.493532 0.481582 0.373111 0.448609 0.427979 0.409369 0.495396 0.423669 0.506942 0.437472 0.478330 0.429426 0.618916 0.469021 0.484184 0.498943 0.548537 0.413310 1.000001 0.480071 0.492759 0.542433 0.477171 0.480114 0.472307 0.432863 0.498031 0.534833 0.565687 0.416216
0.515363 0.522912 0.603539 0.482669 0.480035 0.574711 0.420323 0.364503 0.473206 0.348641 0.471619 0.352648 0.569891 0.451736 0.398678 0.448697 0.525968 0.507953 0.499704 0.459451 0.536958 0.443256 0.540442 0.434136 0.475244 0.379207 0.294501 0.578260 0.531086 0.469818 0.440631 0.558371 0.510887 0.405711 0.403322 0.468238 0.383603 0.389880 0.533767 0.485598 0.464538 0.399537 0.603006 0.403017 0.458701 0.532962 0.315553 0.347578 0.325815 0.539735 0.480071 1.000001 0.421346 0.468442 0.427829 0.402301 0.568696 0.395303 0.522020 0.453213 0.537026 0.538696
0.566182 0.548162 0.449155 0.369241 0.536328 0.400548 0.422242 0.513043 0.518508 0.492680 0.565431 0.535444 0.433267 0.429656 0.501456 0.463394 0.464410 0.447251 0.382067 0.444467 0.504113 0.442184 0.453951 0.461757 0.461665 0.426029 0.435831 0.387056 0.389308 0.505079 0.517520 0.405649 0.417051 0.535111 0.386341 0.514971 0.382642 0.508166 0.402298 0.455486 0.449829 0.534293 0.368949 0.377323 0.438189 0.578518 0.430606 0.392164 0.357256 0.411532 0.492759 0.421346 0.999999 0.375277 0.467967 0.437692 0.477439 0.293627 0.414014 0.508554 0.457855 0.423853
0.609243 0.686710 0.702728 0.680611 0.415416 0.729957 0.478913 0.452436 0.357774 0.411787 0.500773 0.493999 0.467024 0.509883 0.443059 0.484761 0.580544 0.666358 0.532458 0.440258 0.503062 0.353777 0.686902 0.513410 0.489227 0.525369 0.328472 0.654641 0.754104 0.502284 0.481328 0.486249 0.466669 0.515589 0.457258 0.475358 0.387065 0.363072 0.694767 0.651256 0.707427 0.339550 0.593896 0.384103 0.472086 0.433205 0.362562 0.464941 0.449947 0.742715 0.542433 0.468442 0.375277 1.000000 0.516833 0.508333 0.504065 0.443489 0.468061 0.546698 0.725335 0.374739
0.504078 0.590484 0.546803 0.489873 0.492495 0.488499 0.441246 0.510867 0.456001 0.424821 0.495538 0.492825 0.607099 0.542605 0.474702 0.361860 0.566365 0.586248 0.471424 0.453916 0.518804 0.403944 0.575982 0.489470 0.487635 0.443166 0.450556 0.472782 0.490095 0.474688 0.534905 0.532585 0.427628 0.401509 0.428122 0.519743 0.496467 0.469352 0.470620 0.523801 0.526905 0.604103 0.531703 0.489752 0.488088 0.539663 0.464504 0.451636 0.397906 0.575702 0.477171 0.427829 0.467967 0.516833 1.000000 0.483127 0.521716 0.386731 0.434248 0.466444 0.510315 0.416587
0.610182 0.558527 0.536047 0.524655 0.625371 0.545649 0.599388 0.655580 0.421356 0.543626 0.588278 0.649412 0.559559 0.736841 0.641838 0.451520 0.483165 0.611847 0.499697 0.508694 0.632232 0.455708 0.520237 0.517954 0.482077 0.628830 0.402151 0.494493 0.554127 0.508851 0.805799 0.511827 0.536737 0.620360 0.472629 0.617784 0.436379 0.704733 0.467425 0.515033 0.519805 0.403668 0.535930 0.433811 0.521549 0.515045 0.496129 0.523697 0.518819 0.537509 0.480114 0.402301 0.437692 0.508333 0.483127 1.000000 0.492134 0.405140 0.482916 0.470230 0.559295 0.398486
0.684207 0.644008 0.631126 0.582218 0.605482 0.585300 0.451546 0.534541 0.473284 0.456760 0.559710 0.533200 0.620555 0.515391 0.481452 0.470825 0.535543 0.548427 0.479475 0.504931 0.649034 0.433211 0.551661 0.689106 0.432551 0.518156 0.444564 0.594397 0.511447 0.498555 0.553873 0.608101 0.529432 0.578809 0.608625 0.687806 0.471668 0.369030 0.592585 0.535908 0.574965 0.528103 0.644178 0.493483 0.424952 0.756727 0.380313 0.403729 0.379565 0.542885 0.472307 0.568696 0.477439 0.504065 0.521716 0.492134 0.999999 0.447471 0.558765 0.496328 0.614527 0.495038
0.471681 0.352213 0.340235 0.273420 0.415097 0.473005 0.631226 0.402657 0.345579 0.341178 0.348935 0.422465 0.474816 0.393575 0.365695 0.372351 0.412208 0.433314 0.359018 0.445634 0.411785 0.376531 0.434959 0.350755 0.339139 0.303176 0.386491 0.369105 0.456621 0.456589 0.382288 0.450445 0.441114 0.464870 0.514754 0.380317 0.416365 0.344914 0.541486 0.277788 0.331173 0.309413 0.478817 0.439168 0.416668 0.334677 0.494431 0.609473 0.498171 0.423483 0.432863 0.395303 0.293627 0.443489 0.386731 0.405140 0.447471 1.000000 0.445865 0.360059 0.410539 0.334770
0.499690 0.409562 0.456539 0.440434 0.456750 0.480214 0.371537 0.424181 0.481972 0.467343 0.433705 0.397860 0.585217 0.436358 0.474846 0.453236 0.480281 0.473797 0.420995 0.630077 0.437411 0.436139 0.458736 0.561102 0.513290 0.474185 0.298580 0.438567 0.464880 0.469554 0.526341 0.567557 0.391383 0.542236 0.684550 0.534381 0.364021 0.423401 0.499635 0.426957 0.536657 0.361007 0.636101 0.344681 0.428235 0.461430 0.297402 0.235540 0.385448 0.465409 0.498031 0.522020 0.414014 0.468061 0.434248 0.482916 0.558765 0.445865 1.000000 0.529420 0.480975 0.460126
0.564829 0.533235 0.544659 0.536698 0.476273 0.555917 0.381967 0.540823 0.454520 0.388828 0.495181 0.519547 0.508283 0.455769 0.421611 0.549393 0.503911 0.490552 0.565878 0.482217 0.538279 0.423225 0.498315 0.483959 0.472208 0.475100 0.312871 0.624213 0.560070 0.577865 0.550403 0.592294 0.512889 0.487290 0.429797 0.476601 0.391392 0.454465 0.485680 0.476866 0.543487 0.435374 0.559335 0.399871 0.375725 0.491193 0.388241 0.349085 0.400777 0.532497 0.534833 0.453213 0.508554 0.546698 0.466444 0.470230 0.496328 0.360059 0.529420 1.000000 0.583848 0.409481
0.629917 0.737634 0.764403 0.750139 0.503670 0.768427 0.539752 0.573153 0.460358 0.509673 0.583673 0.547899 0.540030 0.540070 0.434845 0.549708 0.603837 0.649592 0.516679 0.441692 0.625236 0.480968 0.645831 0.516774 0.486147 0.499833 0.304119 0.667382 0.798569 0.531444 0.522175 0.533161 0.545852 0.561496 0.455141 0.542491 0.402230 0.408321 0.605233 0.659609 0.749442 0.398817 0.628678 0.416356 0.512670 0.542807 0.444909 0.444995 0.528137 0.688308 0.565687 0.537026 0.457854 0.725335 0.510314 0.559295 0.614527 0.410539 0.480975 0.583848 0.999999 0.402725
0.467962 0.385647 0.470299 0.369673 0.528598 0.453327 0.413915 0.343299 0.468869 0.373144 0.386822 0.361677 0.411593 0.437446 0.460232 0.407484 0.498970 0.489753 0.410423 0.513698 0.539034 0.386404 0.496650 0.496131 0.528888 0.450885 0.407125 0.421363 0.458526 0.463062 0.403027 0.322781 0.477931 0.426746 0.525682 0.495194 0.477015 0.478491 0.477931 0.369235 0.361578 0.386586 0.435785 0.474397 0.458996 0.484390 0.438036 0.383293 0.418109 0.498805 0.416216 0.538696 0.423853 0.374739 0.416587 0.398486 0.495038 0.334770 0.460126 0.409481 0.402725 1.000000
