# Drug-Drug Cosine Similarity Matrix [90x90]
1.000001 0.837514 0.852453 0.819356 0.845841 0.841716 0.911627 0.892990 0.789207 0.719784 0.908504 0.859253 0.861469 0.815836 0.856284 0.643799 0.707089 0.860393 0.756008 0.838610 0.937549 0.809037 0.902078 0.924643 0.832405 0.933721 0.871942 0.949035 0.942261 0.942857 0.760894 0.716642 0.809866 0.919952 0.967356 0.916475 0.942353 0.643043 0.879695 0.910606 0.821884 0.853338 0.831020 0.848383 0.829139 0.926393 0.950754 0.962574 0.918947 0.883946 0.665294 0.783778 0.881349 0.731720 0.670485 0.800058 0.765208 0.956051 0.786005 0.948326 0.948834 0.749839 0.900332 0.800372 0.854473 0.935791 0.802944 0.834574 0.895256 0.787593 0.825444 0.804798 0.822960 0.809512 0.569765 0.928091 0.961950 0.736829 0.589713 0.723825 0.733146 0.725735 0.948123 0.809224 0.880723 0.913141 0.905779 0.828774 0.747959 0.705583
0.837514 1.000000 0.982882 0.622518 0.596768 0.594795 0.833125 0.734784 0.984636 0.407752 0.914232 0.707355 0.829879 0.542892 0.601341 0.333888 0.405837 0.636643 0.449598 0.560337 0.710407 0.548589 0.981015 0.794348 0.585637 0.796735 0.620996 0.921055 0.919475 0.727969 0.980030 0.405545 0.518666 0.675915 0.833136 0.794953 0.746583 0.325973 0.627737 0.952519 0.985344 0.995767 0.552929 0.580711 0.566398 0.718174 0.943901 0.811638 0.709324 0.801635 0.354251 0.499900 0.968829 0.974216 0.948957 0.919013 0.976909 0.872370 0.512777 0.848428 0.895736 0.961557 0.957123 0.995288 0.996503 0.720821 0.982595 0.568921 0.749284 0.476554 0.531148 0.990529 0.562371 0.538061 0.885621 0.704400 0.839449 0.436956 0.891793 0.418606 0.973833 0.960075 0.804724 0.622959 0.660598 0.695721 0.665076 0.538534 0.957565 0.957988
0.852453 0.982882 1.000001 0.693251 0.660872 0.655457 0.881878 0.789045 0.989930 0.473330 0.935887 0.776134 0.883734 0.602369 0.658000 0.392315 0.465634 0.693302 0.510456 0.624335 0.751419 0.618462 0.991078 0.843160 0.644995 0.843791 0.679155 0.946795 0.946444 0.762224 0.980136 0.463587 0.559348 0.705405 0.848027 0.846774 0.775903 0.383755 0.675315 0.969993 0.963375 0.983414 0.596848 0.622390 0.625746 0.756951 0.953131 0.837496 0.749877 0.859284 0.412263 0.560931 0.993061 0.948990 0.940182 0.958894 0.983950 0.887434 0.576631 0.888691 0.928368 0.965419 0.981110 0.971583 0.977148 0.747974 0.986891 0.625857 0.805429 0.531309 0.572418 0.990670 0.615134 0.597285 0.895075 0.742493 0.861026 0.493786 0.904160 0.470233 0.945874 0.964387 0.839567 0.692254 0.718368 0.734623 0.702374 0.580671 0.972657 0.955951
0.819356 0.622518 0.693251 1.000000 0.976369 0.977008 0.938320 0.971875 0.616403 0.935985 0.825990 0.980954 0.915712 0.969352 0.967153 0.892445 0.936054 0.972991 0.943321 0.971410 0.947051 0.987244 0.730599 0.946022 0.972243 0.942462 0.974868 0.853406 0.846741 0.932993 0.579697 0.931622 0.933360 0.932675 0.893080 0.948181 0.932157 0.883737 0.966617 0.802414 0.564225 0.638387 0.951378 0.953031 0.970211 0.953147 0.803596 0.904103 0.947216 0.943634 0.900807 0.959588 0.752688 0.512039 0.509221 0.775945 0.606115 0.875272 0.970263 0.915023 0.883798 0.568965 0.718857 0.570325 0.628741 0.925006 0.646292 0.960867 0.963403 0.947831 0.940749 0.624051 0.965154 0.964514 0.490721 0.952184 0.901709 0.930653 0.513852 0.920860 0.507423 0.572746 0.935852 0.996184 0.973398 0.957005 0.948822 0.945433 0.649314 0.534620
0.845841 0.596768 0.660872 0.976369 1.000000 0.987514 0.927355 0.976077 0.572042 0.949517 0.829567 0.959245 0.887299 0.981066 0.982893 0.901193 0.945946 0.983787 0.963172 0.988435 0.968485 0.990039 0.711814 0.948934 0.989371 0.936784 0.987945 0.840839 0.848432 0.963368 0.529452 0.946759 0.959544 0.965907 0.915282 0.945692 0.961454 0.892555 0.982117 0.784972 0.532448 0.617331 0.974515 0.978661 0.990289 0.973491 0.806995 0.928893 0.978204 0.902788 0.912759 0.975411 0.718257 0.458299 0.438621 0.711040 0.559335 0.892164 0.984582 0.922683 0.878051 0.515306 0.696710 0.536346 0.609808 0.959547 0.600154 0.977726 0.971692 0.971462 0.965976 0.588953 0.976796 0.978216 0.386331 0.971231 0.919419 0.948209 0.409955 0.937417 0.456300 0.510933 0.943774 0.974401 0.983084 0.971515 0.978644 0.971249 0.585829 0.470272
0.841716 0.594795 0.655457 0.977008 0.987514 1.000000 0.926373 0.974380 0.573682 0.969653 0.801169 0.946775 0.865695 0.992684 0.993610 0.936630 0.966940 0.992332 0.979280 0.994045 0.962605 0.989470 0.704810 0.933369 0.994905 0.947804 0.995727 0.842347 0.833413 0.951701 0.536537 0.966216 0.977406 0.968399 0.912459 0.936887 0.955895 0.930871 0.992120 0.775553 0.543148 0.613383 0.986117 0.989926 0.996122 0.974802 0.793299 0.911692 0.967566 0.914181 0.944822 0.990439 0.717258 0.473676 0.452736 0.701614 0.559648 0.881701 0.991190 0.911211 0.877585 0.524919 0.692149 0.542099 0.606809 0.949296 0.599676 0.993617 0.955938 0.978052 0.980817 0.587216 0.991373 0.994187 0.403120 0.974137 0.907441 0.972562 0.425799 0.964718 0.472598 0.521976 0.945588 0.973125 0.987908 0.979649 0.980642 0.982986 0.582291 0.485850
0.911627 0.833125 0.881878 0.938320 0.927355 0.926373 1.000000 0.982977 0.827994 0.815350 0.950062 0.965641 0.971704 0.894715 0.918149 0.754728 0.813828 0.944800 0.838205 0.906428 0.943130 0.908298 0.903880 0.985749 0.920562 0.980318 0.932485 0.964280 0.965975 0.944785 0.799799 0.808544 0.856202 0.922490 0.960344 0.991367 0.952082 0.743695 0.925572 0.947703 0.787604 0.840956 0.882890 0.900302 0.911964 0.954947 0.943462 0.955777 0.949283 0.975704 0.768574 0.875300 0.916673 0.739638 0.733858 0.906679 0.821800 0.964852 0.887010 0.983871 0.981868 0.791798 0.892161 0.792551 0.834735 0.935136 0.847780 0.905726 0.981995 0.846659 0.866012 0.836257 0.898081 0.892598 0.687507 0.949485 0.969066 0.825937 0.705976 0.808468 0.736105 0.789304 0.976232 0.937621 0.953907 0.946835 0.931981 0.872610 0.837477 0.758145
0.892990 0.734784 0.789045 0.971875 0.976077 0.974380 0.982977 1.000000 0.720372 0.896498 0.905639 0.976253 0.944791 0.952500 0.966352 0.846426 0.896815 0.982319 0.916021 0.962384 0.967917 0.962845 0.825595 0.982995 0.970900 0.976067 0.976570 0.921157 0.925033 0.968404 0.685515 0.892621 0.925643 0.961458 0.956362 0.984936 0.972515 0.836332 0.970552 0.884621 0.680492 0.748093 0.944467 0.957303 0.967666 0.980195 0.892281 0.956165 0.978773 0.956561 0.859026 0.942760 0.834766 0.619901 0.607195 0.826308 0.710983 0.949368 0.952073 0.969380 0.948507 0.673754 0.810863 0.685146 0.742276 0.964039 0.743063 0.959733 0.993010 0.921651 0.933210 0.733284 0.953257 0.953816 0.557519 0.977225 0.961699 0.905230 0.578426 0.890497 0.617646 0.670889 0.978998 0.971703 0.985290 0.975562 0.972138 0.938488 0.731203 0.635795
0.789207 0.984636 0.989930 0.616403 0.572042 0.573682 0.827994 0.720372 1.000000 0.384354 0.891753 0.702475 0.830260 0.516094 0.576024 0.311023 0.380349 0.616981 0.421634 0.535377 0.668122 0.530652 0.971465 0.774689 0.562627 0.781594 0.595988 0.905484 0.902647 0.680420 0.997411 0.375261 0.475548 0.625629 0.785783 0.783123 0.699648 0.302184 0.593386 0.941444 0.974361 0.980347 0.511358 0.538587 0.541227 0.678652 0.913327 0.765376 0.669626 0.806720 0.329949 0.476004 0.974636 0.976903 0.974567 0.941874 0.996744 0.833676 0.490716 0.829226 0.882430 0.984735 0.960053 0.984424 0.975561 0.668254 0.991620 0.544607 0.734201 0.437977 0.486488 0.997425 0.533410 0.514179 0.935658 0.665042 0.797977 0.410106 0.940912 0.385702 0.974347 0.986910 0.776101 0.615831 0.641779 0.658582 0.620751 0.494360 0.981047 0.984890
0.719784 0.407752 0.473330 0.935985 0.949517 0.969653 0.815350 0.896498 0.384354 1.000000 0.648046 0.865948 0.740291 0.982871 0.968442 0.987627 0.994281 0.948121 0.996656 0.973963 0.898311 0.967540 0.531531 0.828603 0.969623 0.861195 0.958635 0.707006 0.686165 0.874789 0.345856 0.996961 0.978979 0.915948 0.805523 0.832429 0.879195 0.985726 0.957196 0.614060 0.354248 0.431074 0.976256 0.967450 0.973476 0.909168 0.635009 0.808394 0.899681 0.820895 0.990953 0.989108 0.547012 0.288149 0.265552 0.534472 0.368055 0.757006 0.983108 0.796426 0.747568 0.332522 0.519491 0.354265 0.423288 0.875586 0.412419 0.974952 0.868724 0.986372 0.976399 0.398013 0.980459 0.984704 0.223198 0.911201 0.793863 0.994910 0.245834 0.993997 0.287868 0.334291 0.855688 0.928472 0.935356 0.925529 0.930592 0.975800 0.396423 0.298008
0.908504 0.914232 0.935887 0.825990 0.829567 0.801169 0.950062 0.905639 0.891753 0.648046 1.000000 0.896401 0.962948 0.763129 0.797179 0.567557 0.649959 0.832793 0.684749 0.780972 0.879863 0.785551 0.954240 0.952592 0.800787 0.909085 0.818688 0.958269 0.982384 0.902053 0.863935 0.648607 0.725780 0.848207 0.940582 0.942556 0.904025 0.554255 0.817168 0.979634 0.856931 0.919833 0.763519 0.787139 0.788644 0.884546 0.980549 0.946361 0.890752 0.900771 0.586854 0.729536 0.944643 0.814220 0.801774 0.932226 0.885796 0.967352 0.751234 0.959860 0.961233 0.842713 0.928186 0.874592 0.916923 0.892645 0.910898 0.772492 0.928210 0.713974 0.741162 0.906929 0.769242 0.753027 0.739349 0.873558 0.959078 0.663870 0.754471 0.645658 0.811237 0.839354 0.925481 0.833159 0.850028 0.861086 0.849463 0.751359 0.897976 0.813190
0.859253 0.707355 0.776134 0.980954 0.959245 0.946775 0.965641 0.976253 0.702475 0.865948 0.896401 1.000000 0.967667 0.927030 0.931801 0.806261 0.867802 0.954163 0.880516 0.936157 0.945011 0.957866 0.805547 0.977150 0.940645 0.949281 0.950087 0.894242 0.903340 0.942960 0.665498 0.860718 0.878636 0.917870 0.917172 0.975560 0.937484 0.794281 0.938773 0.870202 0.645982 0.719103 0.906561 0.917555 0.936992 0.948738 0.870331 0.932937 0.947677 0.953734 0.817089 0.910480 0.824416 0.590695 0.593279 0.855653 0.695684 0.913873 0.928077 0.946751 0.922296 0.656492 0.795363 0.653330 0.709987 0.930084 0.732680 0.921614 0.979960 0.893583 0.891329 0.710319 0.920752 0.918762 0.575467 0.945234 0.934479 0.862931 0.598471 0.848916 0.584518 0.655375 0.944459 0.982795 0.960903 0.941375 0.933670 0.898812 0.740081 0.615873
0.861469 0.829879 0.883734 0.915712 0.887299 0.865695 0.971704 0.944791 0.830260 0.740291 0.962948 0.967667 1.000000 0.832980 0.849967 0.669022 0.745545 0.887492 0.763709 0.845843 0.895774 0.870510 0.896288 0.972440 0.861076 0.929544 0.873619 0.933479 0.951991 0.905983 0.799088 0.735955 0.776443 0.858238 0.915859 0.968437 0.904556 0.654196 0.863090 0.941713 0.765329 0.835223 0.813126 0.832275 0.850278 0.903086 0.929991 0.928996 0.905319 0.947949 0.683043 0.805993 0.910181 0.729491 0.740278 0.943882 0.827997 0.937036 0.830051 0.955283 0.947810 0.784518 0.877901 0.784210 0.827179 0.892188 0.855136 0.832207 0.961337 0.782970 0.790896 0.837857 0.830657 0.822874 0.722331 0.892367 0.939116 0.744273 0.740886 0.726312 0.722984 0.787192 0.929294 0.923705 0.900163 0.885283 0.872201 0.800898 0.868721 0.753297
0.815836 0.542892 0.602369 0.969352 0.981066 0.992684 0.894715 0.952500 0.516094 0.982871 0.763129 0.927030 0.832980 1.000000 0.992551 0.953708 0.979817 0.983985 0.988523 0.993456 0.955226 0.988255 0.657008 0.909847 0.993838 0.928273 0.989282 0.808038 0.793232 0.936742 0.478084 0.981190 0.983387 0.959594 0.887546 0.910387 0.941084 0.948962 0.988137 0.734657 0.490780 0.562241 0.990510 0.989661 0.992488 0.961890 0.752558 0.890974 0.953212 0.893117 0.961123 0.992539 0.669627 0.419910 0.397148 0.653077 0.500610 0.849473 0.991828 0.882170 0.842804 0.467687 0.645086 0.488829 0.555697 0.933636 0.548676 0.993298 0.934341 0.987335 0.985199 0.530080 0.997467 0.995171 0.344161 0.963373 0.880881 0.982685 0.367520 0.979511 0.418687 0.464883 0.924715 0.963322 0.978397 0.971914 0.972530 0.987150 0.527594 0.427465
0.856284 0.601341 0.658000 0.967153 0.982893 0.993610 0.918149 0.966352 0.576024 0.968442 0.797179 0.931801 0.849967 0.992551 1.000000 0.932446 0.961470 0.987507 0.980218 0.993715 0.970034 0.981125 0.711495 0.925866 0.994093 0.952019 0.994223 0.850521 0.837224 0.953568 0.538882 0.964740 0.983395 0.975978 0.917712 0.928525 0.960657 0.929047 0.993051 0.775039 0.554962 0.623559 0.989781 0.989432 0.991565 0.976568 0.796476 0.917705 0.970372 0.911041 0.943964 0.985084 0.718850 0.482793 0.451977 0.686553 0.557924 0.884055 0.983769 0.916465 0.881326 0.525243 0.700526 0.550987 0.616767 0.952391 0.598831 0.995561 0.948916 0.979734 0.984368 0.590523 0.993689 0.992964 0.391170 0.977296 0.909760 0.973284 0.413722 0.964450 0.483099 0.520693 0.952019 0.959267 0.985261 0.984555 0.983455 0.986528 0.571866 0.487884
0.643799 0.333888 0.392315 0.892445 0.901193 0.936630 0.754728 0.846426 0.311023 0.987627 0.567557 0.806261 0.669022 0.953708 0.932446 1.000000 0.989750 0.912391 0.979307 0.936981 0.838394 0.930205 0.450963 0.761146 0.936091 0.805315 0.918541 0.635898 0.608725 0.814268 0.276192 0.988168 0.960806 0.871915 0.744314 0.768780 0.822586 0.998690 0.920218 0.538777 0.284391 0.355491 0.949671 0.939124 0.941106 0.857349 0.555589 0.737146 0.843768 0.764939 0.998146 0.969631 0.468050 0.225963 0.205781 0.459391 0.295922 0.692635 0.957656 0.725152 0.678569 0.263438 0.435057 0.285531 0.349613 0.820558 0.338702 0.947667 0.808894 0.958688 0.953619 0.324421 0.953731 0.961052 0.168867 0.862241 0.727106 0.988161 0.189551 0.991369 0.227013 0.268648 0.799181 0.888060 0.892204 0.880961 0.886569 0.950486 0.325563 0.235029
0.707089 0.405837 0.465634 0.936054 0.945946 0.966940 0.813828 0.896815 0.380349 0.994281 0.649959 0.867802 0.745545 0.979817 0.961470 0.989750 1.000000 0.949325 0.992311 0.967517 0.888677 0.967701 0.524044 0.828563 0.967661 0.850935 0.952916 0.697816 0.682117 0.870413 0.342217 0.996652 0.977618 0.912964 0.803382 0.832129 0.874352 0.985539 0.953505 0.614705 0.350310 0.426655 0.974100 0.967884 0.971075 0.903434 0.631775 0.801755 0.895049 0.815789 0.992569 0.988380 0.538845 0.286126 0.267841 0.536834 0.365734 0.758296 0.984319 0.789429 0.740909 0.330111 0.505807 0.352157 0.421142 0.874177 0.413049 0.971834 0.868529 0.981617 0.974607 0.395296 0.978255 0.982777 0.226991 0.907942 0.792734 0.994420 0.249224 0.994515 0.286178 0.332571 0.850327 0.933431 0.934470 0.921175 0.927242 0.974405 0.401014 0.295344
0.860393 0.636643 0.693302 0.972991 0.983787 0.992332 0.944800 0.982319 0.616981 0.948121 0.832793 0.954163 0.887492 0.983985 0.987507 0.912391 0.949325 1.000000 0.959335 0.984524 0.964100 0.983240 0.739573 0.949786 0.993724 0.959592 0.990370 0.863691 0.860893 0.954535 0.581772 0.944679 0.963484 0.967988 0.926305 0.957877 0.960035 0.904269 0.986170 0.814782 0.588685 0.651698 0.974722 0.981802 0.990560 0.974517 0.824716 0.921464 0.968828 0.927865 0.921668 0.979766 0.752454 0.518145 0.503375 0.736833 0.606863 0.901105 0.982308 0.928540 0.901792 0.578080 0.728058 0.585226 0.646622 0.950324 0.647290 0.989911 0.968512 0.957247 0.966826 0.630634 0.984918 0.983476 0.445903 0.979246 0.924588 0.955550 0.468155 0.944794 0.516784 0.571404 0.955499 0.969766 0.997684 0.981873 0.978164 0.970171 0.628475 0.532826
0.756008 0.449598 0.510456 0.943321 0.963172 0.979280 0.838205 0.916021 0.421634 0.996656 0.684749 0.880516 0.763709 0.988523 0.980218 0.979307 0.992311 0.959335 0.999999 0.983598 0.919970 0.974010 0.570619 0.852775 0.979273 0.880564 0.970957 0.739895 0.723461 0.901385 0.382016 0.995660 0.989009 0.939558 0.838661 0.854478 0.905869 0.977098 0.970800 0.648303 0.395721 0.474120 0.986915 0.980572 0.982844 0.930980 0.673968 0.840679 0.924692 0.835834 0.985834 0.992836 0.579898 0.325461 0.296498 0.560275 0.403299 0.793934 0.988316 0.827168 0.778117 0.365346 0.555995 0.395641 0.467371 0.904680 0.447145 0.983954 0.890336 0.993002 0.987126 0.437535 0.987086 0.992159 0.246321 0.932025 0.826805 0.996202 0.268960 0.993189 0.326228 0.365662 0.882357 0.936891 0.948527 0.943678 0.951297 0.987059 0.426791 0.330866
0.838610 0.560337 0.624335 0.971410 0.988435 0.994045 0.906428 0.962384 0.535377 0.973963 0.780972 0.936157 0.845843 0.993456 0.993715 0.936981 0.967517 0.984524 0.983598 1.000000 0.964884 0.989982 0.678391 0.922866 0.992401 0.936392 0.993760 0.825706 0.814136 0.949634 0.495532 0.970101 0.978661 0.966809 0.900249 0.923078 0.949996 0.932486 0.990022 0.749525 0.507917 0.581735 0.987016 0.987406 0.994229 0.968912 0.772241 0.906732 0.963371 0.901948 0.947069 0.989205 0.688020 0.431872 0.406143 0.668965 0.519273 0.866893 0.989520 0.898626 0.858376 0.483828 0.670249 0.504512 0.574729 0.946892 0.562681 0.992743 0.947199 0.984524 0.983473 0.549502 0.990425 0.993839 0.352408 0.971349 0.896272 0.973538 0.376208 0.966015 0.430831 0.479168 0.936897 0.965190 0.982599 0.975478 0.977665 0.984903 0.541095 0.441729
0.937549 0.710407 0.751419 0.947051 0.968485 0.962605 0.943130 0.967917 0.668122 0.898311 0.879863 0.945011 0.895774 0.955226 0.970034 0.838394 0.888677 0.964100 0.919970 0.964884 1.000000 0.950881 0.807235 0.965515 0.959930 0.970193 0.977551 0.912896 0.905665 0.990740 0.630887 0.896999 0.940596 0.983930 0.967830 0.956809 0.988988 0.834400 0.980330 0.854446 0.663374 0.729561 0.959502 0.965691 0.958842 0.991288 0.887477 0.977774 0.987204 0.927665 0.853583 0.933475 0.801922 0.583848 0.539346 0.758720 0.647659 0.942597 0.938000 0.959795 0.931533 0.614612 0.795062 0.658402 0.725028 0.983137 0.693784 0.955110 0.965634 0.941412 0.951719 0.684562 0.957021 0.946501 0.463694 0.990531 0.966175 0.901641 0.486807 0.894969 0.582464 0.604317 0.978478 0.939965 0.972103 0.987710 0.985645 0.956006 0.657495 0.572290
0.809037 0.548589 0.618462 0.987244 0.990039 0.989470 0.908298 0.962845 0.530652 0.967540 0.785551 0.957866 0.870510 0.988255 0.981125 0.930205 0.967701 0.983240 0.974010 0.989982 0.950881 1.000000 0.668080 0.928052 0.988638 0.924124 0.986218 0.809698 0.807995 0.938615 0.489971 0.964765 0.962859 0.948596 0.882739 0.929436 0.935565 0.922425 0.979343 0.749436 0.488204 0.567665 0.975003 0.975803 0.990171 0.956040 0.763194 0.894173 0.953787 0.903948 0.938010 0.985376 0.683529 0.419186 0.407845 0.692498 0.518871 0.854825 0.992532 0.891361 0.848701 0.480347 0.656135 0.489991 0.559745 0.933076 0.563448 0.980884 0.952800 0.976458 0.968759 0.543447 0.982828 0.984921 0.371632 0.958622 0.886648 0.963225 0.395990 0.955094 0.416211 0.478413 0.922588 0.984545 0.980276 0.961820 0.963245 0.972222 0.557082 0.436769
0.902078 0.981015 0.991078 0.730599 0.711814 0.704810 0.903880 0.825595 0.971465 0.531531 0.954240 0.805547 0.896288 0.657008 0.711495 0.450963 0.524044 0.739573 0.570619 0.678391 0.807235 0.668080 1.000000 0.876739 0.695325 0.878152 0.732305 0.970245 0.969911 0.818507 0.957842 0.524737 0.625831 0.769230 0.895222 0.876285 0.830841 0.443985 0.732811 0.980082 0.960436 0.986406 0.659374 0.683616 0.679376 0.809452 0.977988 0.886233 0.805572 0.876616 0.471851 0.616858 0.991070 0.930403 0.905623 0.942860 0.960367 0.927528 0.630448 0.922155 0.953530 0.939802 0.984398 0.964363 0.981333 0.807381 0.970755 0.679313 0.840668 0.596022 0.638642 0.977736 0.670494 0.651522 0.844751 0.796726 0.904102 0.553203 0.855896 0.532150 0.929125 0.934697 0.883714 0.728656 0.763421 0.787421 0.762333 0.646301 0.946022 0.924991
0.924643 0.794348 0.843160 0.946022 0.948934 0.933369 0.985749 0.982995 0.774689 0.828603 0.952592 0.977150 0.972440 0.909847 0.925866 0.761146 0.828563 0.949786 0.852775 0.922866 0.965515 0.928052 0.876739 1.000001 0.930110 0.970105 0.944497 0.945554 0.956324 0.970085 0.739883 0.825619 0.869756 0.939612 0.965760 0.991744 0.967539 0.749650 0.939131 0.928750 0.738484 0.804246 0.899455 0.916816 0.924749 0.966818 0.937215 0.975216 0.966812 0.957309 0.775917 0.887135 0.881517 0.675244 0.663073 0.875333 0.765972 0.967149 0.902385 0.981771 0.965626 0.729473 0.862969 0.742864 0.798846 0.958497 0.803059 0.912469 0.990840 0.872022 0.883961 0.787244 0.908934 0.901262 0.610070 0.963951 0.978746 0.834602 0.631403 0.820854 0.670854 0.722320 0.975324 0.947834 0.960608 0.955383 0.948679 0.891513 0.789460 0.686198
0.832405 0.585637 0.644995 0.972243 0.989371 0.994905 0.920562 0.970900 0.562627 0.969623 0.800787 0.940645 0.861076 0.993838 0.994093 0.936091 0.967661 0.993724 0.979273 0.992401 0.959930 0.988638 0.695325 0.930110 1.000000 0.941891 0.991177 0.834051 0.829184 0.947534 0.524557 0.967024 0.977867 0.966689 0.907657 0.934733 0.953581 0.929189 0.987663 0.771675 0.531182 0.604574 0.986494 0.988564 0.995947 0.970385 0.786730 0.908466 0.966630 0.906437 0.945528 0.989605 0.706135 0.461467 0.442168 0.690167 0.549898 0.877778 0.991810 0.908354 0.871137 0.514824 0.680943 0.531711 0.598352 0.945927 0.591511 0.994739 0.956797 0.976757 0.978989 0.578255 0.992957 0.993001 0.385599 0.971428 0.904184 0.973907 0.408106 0.965049 0.460747 0.511419 0.941545 0.967974 0.989323 0.977645 0.978535 0.982211 0.572536 0.472982
0.933721 0.796735 0.843791 0.942462 0.936784 0.947804 0.980318 0.976067 0.781594 0.861195 0.909085 0.949281 0.929544 0.928273 0.952019 0.805315 0.850935 0.959592 0.880564 0.936392 0.970193 0.924124 0.878152 0.970105 0.941891 1.000000 0.959604 0.960062 0.944579 0.957990 0.754304 0.852456 0.901322 0.951925 0.965925 0.976893 0.968460 0.800895 0.956493 0.915058 0.763073 0.810094 0.920188 0.930518 0.934121 0.973620 0.923251 0.961442 0.962041 0.974469 0.819100 0.905838 0.888768 0.703106 0.678124 0.849426 0.767551 0.953943 0.908237 0.979362 0.975818 0.744236 0.872963 0.758174 0.803243 0.948053 0.798956 0.938372 0.968712 0.887447 0.908440 0.789831 0.933791 0.924046 0.618129 0.970397 0.964121 0.870013 0.638239 0.856894 0.701499 0.738143 0.987941 0.934937 0.968209 0.972066 0.956724 0.911835 0.772598 0.710801
0.871942 0.620996 0.679155 0.974868 0.987945 0.995727 0.932485 0.976570 0.595988 0.958635 0.818688 0.950087 0.873619 0.989282 0.994223 0.918541 0.952916 0.990370 0.970957 0.993760 0.977551 0.986218 0.732305 0.944497 0.991177 0.959604 1.000000 0.864033 0.853759 0.965232 0.558709 0.954372 0.974019 0.977692 0.927644 0.945240 0.967762 0.914029 0.996772 0.794846 0.572715 0.640918 0.983751 0.988145 0.992984 0.982407 0.817786 0.931272 0.977484 0.922330 0.928582 0.983227 0.740156 0.497829 0.469887 0.714817 0.579630 0.899090 0.984192 0.927337 0.895310 0.546639 0.722769 0.568250 0.633944 0.961122 0.620442 0.990338 0.962525 0.975081 0.979445 0.609650 0.988366 0.988586 0.414078 0.982777 0.923221 0.961270 0.437414 0.953034 0.496794 0.540562 0.959583 0.969240 0.989554 0.985208 0.987064 0.981711 0.597632 0.505410
0.949035 0.921055 0.946795 0.853406 0.840839 0.842347 0.964280 0.921157 0.905484 0.707006 0.958269 0.894242 0.933479 0.808038 0.850521 0.635898 0.697816 0.863691 0.739895 0.825706 0.912896 0.809698 0.970245 0.945554 0.834051 0.960062 0.864033 1.000000 0.985591 0.912781 0.883942 0.700581 0.782038 0.884892 0.960012 0.946102 0.925020 0.631009 0.864720 0.973538 0.894491 0.931778 0.808592 0.825939 0.821095 0.916017 0.979026 0.952466 0.907134 0.951118 0.655481 0.773648 0.967077 0.848786 0.817874 0.918977 0.889477 0.971818 0.781508 0.975807 0.990271 0.866800 0.957894 0.893918 0.926554 0.905043 0.912499 0.825028 0.925102 0.758589 0.792703 0.913765 0.817432 0.804534 0.753655 0.906873 0.962171 0.724313 0.769406 0.707076 0.847959 0.862080 0.964811 0.847580 0.881545 0.902720 0.882405 0.797850 0.883257 0.845078
0.942261 0.919475 0.946444 0.846741 0.848432 0.833413 0.965975 0.925033 0.902647 0.686165 0.982384 0.903340 0.951991 0.793232 0.837224 0.608725 0.682117 0.860893 0.723461 0.814136 0.905665 0.807995 0.969911 0.956324 0.829184 0.944579 0.853759 0.985591 1.000000 0.917825 0.876991 0.681431 0.766147 0.881324 0.961252 0.954494 0.926506 0.599650 0.851461 0.980917 0.881734 0.930733 0.795416 0.817066 0.817442 0.910205 0.989694 0.958670 0.914635 0.926518 0.629914 0.762869 0.961746 0.829691 0.803765 0.924351 0.890115 0.980820 0.777951 0.984101 0.989545 0.858434 0.951438 0.885523 0.926066 0.911163 0.909915 0.811979 0.937537 0.745542 0.777092 0.915840 0.801329 0.789982 0.738018 0.900269 0.970727 0.705600 0.754068 0.683567 0.829247 0.850567 0.956589 0.847471 0.878664 0.890685 0.878992 0.785354 0.886413 0.829812
0.942857 0.727969 0.762224 0.932993 0.963368 0.951701 0.944785 0.968404 0.680420 0.874789 0.902053 0.942960 0.905983 0.936742 0.953568 0.814268 0.870413 0.954535 0.901385 0.949634 0.990740 0.938615 0.818507 0.970085 0.947534 0.957990 0.965232 0.912781 0.917825 1.000000 0.641124 0.876959 0.929035 0.984471 0.978444 0.958502 0.992917 0.808907 0.969279 0.865264 0.673355 0.747031 0.948602 0.959026 0.948782 0.989849 0.902902 0.986717 0.990511 0.910097 0.830200 0.918923 0.805336 0.592984 0.547160 0.766643 0.660465 0.958759 0.926696 0.962203 0.932108 0.619263 0.799297 0.674001 0.745315 0.994778 0.703797 0.939115 0.968288 0.927201 0.942176 0.701088 0.938374 0.931356 0.468138 0.987067 0.978699 0.882751 0.490382 0.874499 0.592409 0.608818 0.976621 0.931138 0.961578 0.979600 0.983531 0.947111 0.671671 0.577031
0.760894 0.980030 0.980136 0.579697 0.529452 0.536537 0.799799 0.685515 0.997411 0.345856 0.863935 0.665498 0.799088 0.478084 0.538882 0.276192 0.342217 0.581772 0.382016 0.495532 0.630887 0.489971 0.957842 0.739883 0.524557 0.754304 0.558709 0.883942 0.876991 0.641124 1.000000 0.336582 0.437915 0.588420 0.755130 0.751514 0.663322 0.267665 0.556666 0.923868 0.976826 0.973146 0.472950 0.500598 0.502296 0.642528 0.891526 0.729732 0.630546 0.782758 0.294103 0.437869 0.963302 0.985154 0.984530 0.927993 0.996079 0.804085 0.450932 0.798235 0.859137 0.990021 0.946779 0.985343 0.968728 0.628864 0.988539 0.508164 0.697409 0.396203 0.448019 0.993167 0.497223 0.476392 0.947217 0.629564 0.765895 0.372865 0.950987 0.349261 0.982770 0.992859 0.744920 0.578280 0.606549 0.624350 0.582894 0.455359 0.977152 0.993335
0.716642 0.405545 0.463587 0.931622 0.946759 0.966216 0.808544 0.892621 0.375261 0.996961 0.648607 0.860718 0.735955 0.981190 0.964740 0.988168 0.996652 0.944679 0.995660 0.970101 0.896999 0.964765 0.524737 0.825619 0.967024 0.852456 0.954372 0.700581 0.681431 0.876959 0.336582 1.000000 0.982406 0.919137 0.808067 0.827268 0.880421 0.985598 0.956007 0.611303 0.349816 0.428508 0.979692 0.970422 0.971110 0.908847 0.633010 0.809083 0.899761 0.812216 0.991654 0.987241 0.536189 0.284150 0.259152 0.525375 0.358253 0.759216 0.982133 0.790988 0.740518 0.321182 0.506664 0.351742 0.422544 0.880495 0.406715 0.971583 0.864773 0.988023 0.980125 0.391071 0.979907 0.982678 0.212401 0.912369 0.796350 0.994845 0.234689 0.995962 0.284539 0.323766 0.852955 0.925834 0.930852 0.926566 0.931830 0.979570 0.389282 0.287854
0.809866 0.518666 0.559348 0.933360 0.959544 0.977406 0.856202 0.925643 0.475548 0.978979 0.725780 0.878636 0.776443 0.983387 0.983395 0.960806 0.977618 0.963484 0.989009 0.978661 0.940596 0.962859 0.625831 0.869756 0.977867 0.901322 0.974019 0.782038 0.766147 0.929035 0.437915 0.982406 1.000000 0.970064 0.884947 0.871040 0.937168 0.960111 0.981045 0.694618 0.471025 0.544037 0.995113 0.990730 0.980695 0.953549 0.727840 0.877440 0.946647 0.844904 0.969998 0.985230 0.622815 0.395228 0.351147 0.585301 0.453701 0.841884 0.978828 0.856449 0.814285 0.417288 0.602122 0.468761 0.541493 0.938091 0.499175 0.984757 0.899784 0.988270 0.997343 0.496245 0.987405 0.988078 0.281695 0.955420 0.868497 0.987835 0.303336 0.984867 0.398968 0.414935 0.913150 0.927044 0.953865 0.964532 0.972394 0.996762 0.468052 0.384311
0.919952 0.675915 0.705405 0.932675 0.965907 0.968399 0.922490 0.961458 0.625629 0.915948 0.848207 0.917870 0.858238 0.959594 0.975978 0.871915 0.912964 0.967988 0.939558 0.966809 0.983930 0.948596 0.769230 0.939612 0.966689 0.951925 0.977692 0.884892 0.881324 0.984471 0.588420 0.919137 0.970064 1.000000 0.966056 0.936136 0.989565 0.869220 0.985354 0.820361 0.631693 0.699143 0.976042 0.981801 0.968417 0.990374 0.859249 0.960434 0.988430 0.893380 0.887182 0.949967 0.755083 0.546749 0.494543 0.704115 0.603371 0.937888 0.949901 0.939527 0.908552 0.567598 0.745967 0.626356 0.698603 0.990141 0.646681 0.967562 0.949444 0.954340 0.974685 0.648276 0.964935 0.960580 0.408516 0.990349 0.955369 0.929739 0.430174 0.921656 0.550415 0.557720 0.971930 0.927719 0.969156 0.988480 0.995457 0.976669 0.607401 0.528464
0.967356 0.833136 0.848027 0.893080 0.915282 0.912459 0.960344 0.956362 0.785783 0.805523 0.940582 0.917172 0.915859 0.887546 0.917712 0.744314 0.803382 0.926305 0.838661 0.900249 0.967830 0.882739 0.895222 0.965760 0.907657 0.965925 0.927644 0.960012 0.961252 0.978444 0.755130 0.808067 0.884947 0.966056 1.000000 0.960230 0.986428 0.738744 0.935738 0.926176 0.792611 0.847131 0.903784 0.920491 0.902682 0.975823 0.956977 0.988929 0.971300 0.921459 0.762928 0.864031 0.879143 0.720808 0.671991 0.826201 0.766877 0.989470 0.869508 0.979010 0.969774 0.734396 0.869151 0.791829 0.849023 0.979631 0.803493 0.901122 0.954262 0.862519 0.894857 0.806284 0.895695 0.885262 0.584297 0.969244 0.993743 0.825164 0.603132 0.813894 0.723073 0.724208 0.985382 0.891208 0.935950 0.962726 0.960728 0.899426 0.765128 0.700021
0.916475 0.794953 0.846774 0.948181 0.945692 0.936887 0.991367 0.984936 0.783123 0.832429 0.942556 0.975560 0.968437 0.910387 0.928525 0.768780 0.832129 0.957877 0.854478 0.923078 0.956809 0.929436 0.876285 0.991744 0.934733 0.976893 0.945240 0.946102 0.954494 0.958502 0.751514 0.827268 0.871040 0.936136 0.960230 1.000000 0.960407 0.757237 0.937447 0.932811 0.747092 0.804371 0.898444 0.914247 0.929023 0.962283 0.932454 0.961450 0.960117 0.967297 0.782309 0.892825 0.887140 0.685984 0.679981 0.881482 0.777634 0.960203 0.906298 0.980342 0.971191 0.748305 0.866502 0.747859 0.798958 0.947400 0.810734 0.917875 0.989543 0.866577 0.883116 0.793674 0.911247 0.904304 0.626946 0.962760 0.972468 0.839782 0.647597 0.823052 0.682370 0.741247 0.974408 0.947153 0.967791 0.956446 0.944152 0.889650 0.798479 0.703877
0.942353 0.746583 0.775903 0.932157 0.961454 0.955895 0.952082 0.972515 0.699648 0.879195 0.904025 0.937484 0.904556 0.941084 0.960657 0.822586 0.874352 0.960035 0.905869 0.949996 0.988988 0.935565 0.830841 0.967539 0.953581 0.968460 0.967762 0.925020 0.926506 0.992917 0.663322 0.880421 0.937168 0.989565 0.986428 0.960407 1.000000 0.817543 0.973619 0.874630 0.696855 0.765391 0.951888 0.963674 0.951641 0.995397 0.910400 0.986273 0.994632 0.917056 0.838971 0.922410 0.818846 0.618215 0.571220 0.772861 0.679935 0.967801 0.927467 0.969317 0.944094 0.641152 0.806979 0.696879 0.763935 0.993972 0.720294 0.946505 0.969072 0.926728 0.944748 0.720911 0.944875 0.937216 0.489584 0.986990 0.979947 0.891124 0.510753 0.882252 0.620012 0.632176 0.985567 0.929754 0.965099 0.983692 0.990567 0.949148 0.685624 0.602758
0.643043 0.325973 0.383755 0.883737 0.892555 0.930871 0.743695 0.836332 0.302184 0.985726 0.554255 0.794281 0.654196 0.948962 0.929047 0.998690 0.985539 0.904269 0.977098 0.932486 0.834400 0.922425 0.443985 0.749650 0.929189 0.800895 0.914029 0.631009 0.599650 0.808907 0.267665 0.985598 0.960111 0.869220 0.738744 0.757237 0.817543 1.000001 0.916655 0.527126 0.279225 0.349043 0.946834 0.934605 0.934580 0.852632 0.546636 0.731167 0.837704 0.757356 0.997377 0.964500 0.459752 0.219967 0.195746 0.445174 0.284839 0.684761 0.950558 0.717171 0.671037 0.253020 0.429078 0.279017 0.343106 0.815759 0.327449 0.943362 0.797035 0.956549 0.952431 0.315449 0.949493 0.956975 0.157568 0.857235 0.719058 0.986182 0.178165 0.989597 0.221587 0.258038 0.794717 0.877743 0.884185 0.876603 0.882239 0.948477 0.311970 0.226427
0.879695 0.627737 0.675315 0.966617 0.982117 0.992120 0.925572 0.970552 0.593386 0.957196 0.817168 0.938773 0.863090 0.988137 0.993051 0.920218 0.953505 0.986170 0.970800 0.990022 0.980330 0.979343 0.732811 0.939131 0.987663 0.956493 0.996772 0.864720 0.851461 0.969279 0.556666 0.956007 0.981045 0.985354 0.935738 0.937447 0.973619 0.916655 1.000000 0.793400 0.580638 0.647887 0.988575 0.992821 0.989521 0.985912 0.820785 0.935893 0.979054 0.914806 0.930559 0.980588 0.735281 0.505409 0.469673 0.702944 0.574838 0.904862 0.979843 0.924006 0.892609 0.541830 0.718168 0.576599 0.643036 0.968308 0.618756 0.988612 0.955045 0.978013 0.985827 0.609080 0.989682 0.987031 0.406357 0.985494 0.927089 0.962212 0.429046 0.957187 0.505623 0.536157 0.961645 0.961226 0.984514 0.988649 0.992044 0.987498 0.591088 0.503083
0.910606 0.952519 0.969993 0.802414 0.784972 0.775553 0.947703 0.884621 0.941444 0.614060 0.979634 0.870202 0.941713 0.734657 0.775039 0.538777 0.614705 0.814782 0.648303 0.749525 0.854446 0.749436 0.980082 0.928750 0.771675 0.915058 0.794846 0.973538 0.980917 0.865264 0.923868 0.611303 0.694618 0.820361 0.926176 0.932811 0.874630 0.527126 0.793400 1.000000 0.922052 0.953399 0.731122 0.754164 0.756780 0.858757 0.985644 0.916185 0.853321 0.917804 0.556966 0.699266 0.980842 0.886263 0.878044 0.956388 0.937378 0.950841 0.715176 0.949769 0.973309 0.917037 0.964799 0.926613 0.951217 0.852844 0.959955 0.751760 0.898650 0.669674 0.708549 0.948927 0.746168 0.725457 0.814997 0.855751 0.941363 0.633713 0.828642 0.614418 0.883311 0.911181 0.916211 0.802679 0.834531 0.846247 0.817721 0.716873 0.939867 0.889739
0.821884 0.985344 0.963375 0.564225 0.532448 0.543148 0.787604 0.680492 0.974361 0.354248 0.856931 0.645982 0.765329 0.490780 0.554962 0.284391 0.350310 0.588685 0.395721 0.507917 0.663374 0.488204 0.960436 0.738484 0.531182 0.763073 0.572715 0.894491 0.881734 0.673355 0.976826 0.349816 0.471025 0.631693 0.792611 0.747092 0.696855 0.279225 0.580638 0.922052 1.000000 0.981150 0.500679 0.528296 0.511410 0.669307 0.911420 0.759231 0.653869 0.767971 0.304799 0.446966 0.950785 0.982198 0.951617 0.881528 0.964928 0.827908 0.454056 0.805206 0.866198 0.971099 0.948026 0.991372 0.983138 0.666355 0.969444 0.523820 0.688156 0.418259 0.481470 0.976150 0.512960 0.487450 0.881408 0.661063 0.793084 0.387085 0.886877 0.367998 0.983479 0.962424 0.764151 0.558700 0.614969 0.652649 0.615647 0.486878 0.932524 0.965374
0.853338 0.995767 0.983414 0.638387 0.617331 0.613383 0.840956 0.748093 0.980347 0.431074 0.919833 0.719103 0.835223 0.562241 0.623559 0.355491 0.426655 0.651698 0.474120 0.581735 0.729561 0.567665 0.986406 0.804246 0.604574 0.810094 0.640918 0.931778 0.930733 0.747031 0.973146 0.428508 0.544037 0.699143 0.847131 0.804371 0.765391 0.349043 0.647887 0.953399 0.981150 1.000000 0.575304 0.599868 0.586142 0.737181 0.949164 0.828167 0.731606 0.809215 0.377017 0.520159 0.969713 0.965070 0.934536 0.913875 0.969215 0.885765 0.532652 0.864176 0.905656 0.949053 0.961192 0.990231 0.997679 0.741753 0.973882 0.588510 0.763154 0.501583 0.554242 0.988153 0.581814 0.558659 0.868148 0.721214 0.852017 0.459843 0.874887 0.439888 0.966371 0.948117 0.822129 0.637711 0.675620 0.713543 0.685992 0.561492 0.946851 0.947015
0.831020 0.552929 0.596848 0.951378 0.974515 0.986117 0.882890 0.944467 0.511358 0.976256 0.763519 0.906561 0.813126 0.990510 0.989781 0.949671 0.974100 0.974722 0.986915 0.987016 0.959502 0.975003 0.659374 0.899455 0.986494 0.920188 0.983751 0.808592 0.795416 0.948602 0.472950 0.979692 0.995113 0.976042 0.903784 0.898444 0.951888 0.946834 0.988575 0.731122 0.500680 0.575304 1.000000 0.995568 0.988080 0.967893 0.760273 0.901867 0.960458 0.871935 0.958754 0.987325 0.659285 0.427524 0.388299 0.628276 0.491467 0.862225 0.984632 0.881346 0.840115 0.454412 0.637793 0.500536 0.572371 0.951658 0.539482 0.988388 0.924161 0.990589 0.996977 0.530597 0.992917 0.990513 0.320303 0.971057 0.894092 0.981606 0.342613 0.978936 0.428805 0.451759 0.929291 0.945500 0.967959 0.979155 0.980495 0.998173 0.510034 0.418709
0.848383 0.580711 0.622390 0.953031 0.978661 0.989926 0.900303 0.957304 0.538587 0.967450 0.787139 0.917555 0.832275 0.989661 0.989432 0.939124 0.967884 0.981802 0.980572 0.987406 0.965691 0.975803 0.683616 0.916816 0.988563 0.930518 0.988145 0.825939 0.817066 0.959026 0.500597 0.970422 0.990730 0.981800 0.920491 0.914247 0.963674 0.934604 0.992821 0.754164 0.528296 0.599868 0.995568 1.000000 0.990491 0.976918 0.785357 0.916604 0.970499 0.880503 0.948559 0.986064 0.683126 0.451916 0.413736 0.652670 0.520324 0.883480 0.984145 0.896522 0.858891 0.484277 0.661644 0.527261 0.597870 0.962071 0.566864 0.990074 0.937531 0.984977 0.993557 0.558340 0.991164 0.990525 0.345697 0.977091 0.909593 0.975593 0.368004 0.973043 0.452910 0.479400 0.940392 0.949878 0.975741 0.981539 0.989101 0.995228 0.538058 0.445281
0.829140 0.566398 0.625746 0.970212 0.990288 0.996122 0.911964 0.967665 0.541227 0.973476 0.788644 0.936992 0.850278 0.992488 0.991565 0.941106 0.971075 0.990559 0.982844 0.994229 0.958842 0.990171 0.679376 0.924749 0.995947 0.934121 0.992984 0.821095 0.817442 0.948782 0.502295 0.971110 0.980695 0.968417 0.902682 0.929023 0.951641 0.934580 0.989522 0.756780 0.511410 0.586142 0.988080 0.990491 1.000000 0.968641 0.776333 0.904625 0.966106 0.894600 0.949049 0.994488 0.688403 0.437872 0.416426 0.672999 0.528761 0.871603 0.995638 0.899705 0.861077 0.492093 0.665813 0.510881 0.580217 0.947539 0.569311 0.992835 0.952071 0.982010 0.984164 0.557104 0.991448 0.993691 0.360830 0.971163 0.899431 0.975694 0.383743 0.967837 0.437186 0.488099 0.935732 0.966749 0.985197 0.975067 0.979388 0.986346 0.550612 0.448998
0.926393 0.718174 0.756951 0.953147 0.973491 0.974802 0.954947 0.980195 0.678652 0.909168 0.884546 0.948738 0.903086 0.961890 0.976568 0.857349 0.903434 0.974517 0.930980 0.968912 0.991288 0.956040 0.809452 0.966818 0.970385 0.973620 0.982407 0.916017 0.910205 0.989849 0.642528 0.908847 0.953549 0.990374 0.975823 0.962283 0.995397 0.852632 0.985912 0.858757 0.669307 0.737181 0.967892 0.976918 0.968641 1.000000 0.888720 0.974818 0.993215 0.930417 0.871502 0.945469 0.805173 0.594395 0.553864 0.767057 0.659661 0.952508 0.949091 0.961876 0.936189 0.622938 0.788828 0.668503 0.733940 0.988831 0.701118 0.965270 0.971714 0.946769 0.960655 0.697134 0.964134 0.958710 0.481601 0.992215 0.969470 0.917512 0.503297 0.909603 0.595009 0.616449 0.984073 0.948841 0.977920 0.992210 0.994490 0.964215 0.670609 0.585661
0.950754 0.943901 0.953131 0.803596 0.806995 0.793299 0.943462 0.892281 0.913327 0.635009 0.980549 0.870331 0.929991 0.752558 0.796476 0.555589 0.631775 0.824716 0.673968 0.772241 0.887477 0.763194 0.977988 0.937215 0.786730 0.923251 0.817786 0.979026 0.989694 0.902902 0.891526 0.633010 0.727840 0.859249 0.956977 0.932454 0.910400 0.546636 0.820785 0.985644 0.911420 0.949164 0.760273 0.785357 0.776333 0.888720 1.000000 0.951152 0.887567 0.902037 0.576264 0.717775 0.965235 0.858169 0.824448 0.919662 0.901861 0.974229 0.731513 0.963826 0.978159 0.876300 0.957868 0.912777 0.948719 0.894309 0.925565 0.770599 0.906277 0.703848 0.742931 0.926786 0.762901 0.745301 0.748434 0.880459 0.964918 0.655742 0.763757 0.638409 0.857017 0.865295 0.935465 0.804293 0.844584 0.867494 0.853347 0.750774 0.894950 0.845777
0.962574 0.811638 0.837496 0.904103 0.928893 0.911692 0.955777 0.956165 0.765376 0.808394 0.946361 0.932937 0.928996 0.890974 0.917705 0.737146 0.801755 0.921464 0.840679 0.906732 0.977774 0.894173 0.886233 0.975216 0.908466 0.961442 0.931272 0.952466 0.958670 0.986717 0.729732 0.809083 0.877440 0.960434 0.988929 0.961450 0.986273 0.731167 0.935893 0.916185 0.759231 0.828167 0.901867 0.916604 0.904625 0.974818 0.951152 1.000000 0.977132 0.919351 0.756158 0.863136 0.870210 0.686391 0.638747 0.826283 0.745763 0.982731 0.873824 0.981287 0.961349 0.704591 0.865031 0.762843 0.826018 0.981785 0.783834 0.895419 0.964366 0.871172 0.891182 0.785099 0.894433 0.883003 0.559512 0.965791 0.991438 0.819202 0.580223 0.808941 0.685640 0.695222 0.981078 0.903366 0.933453 0.957177 0.958883 0.897550 0.750420 0.667529
0.918947 0.709324 0.749877 0.947216 0.978204 0.967566 0.949283 0.978773 0.669626 0.899681 0.890752 0.947677 0.905319 0.953212 0.970372 0.843768 0.895049 0.968828 0.924692 0.963371 0.987204 0.953787 0.805572 0.966812 0.966630 0.962041 0.977484 0.907134 0.914635 0.990511 0.630546 0.899761 0.946647 0.988430 0.971300 0.960117 0.994632 0.837704 0.979054 0.853321 0.653869 0.731606 0.960459 0.970499 0.966106 0.993215 0.887567 0.977132 1.000000 0.911904 0.859633 0.939388 0.795676 0.575461 0.534547 0.758386 0.650766 0.954879 0.946856 0.965185 0.932024 0.607323 0.781861 0.655882 0.726618 0.991125 0.688884 0.956941 0.976636 0.942513 0.952905 0.691109 0.954962 0.950900 0.461238 0.984656 0.968486 0.908754 0.483007 0.897571 0.576718 0.599843 0.980262 0.945738 0.972280 0.981902 0.992435 0.958293 0.660217 0.568029
