# Drug-Drug Cosine Similarity Matrix [90x90]
1.000000 0.694159 0.577856 0.589228 0.518604 0.608292 0.517815 0.508925 0.571205 0.683954 0.524546 0.729118 0.794431 0.640070 0.587618 0.605570 0.628891 0.571938 0.534467 0.484758 0.523233 0.541151 0.515461 0.541948 0.639391 0.481536 0.639337 0.530065 0.593360 0.530642 0.598004 0.575604 0.468792 0.493725 0.521776 0.515425 0.703245 0.586380 0.640126 0.606433 0.879026 0.530571 0.622654 0.520428 0.610059 0.453662 0.596800 0.562295 0.571930 0.597552 0.557976 0.525445 0.511698 0.680215 0.545497 0.479570 0.603685 0.478384 0.508709 0.480823 0.540435 0.913480 0.431939 0.513677 0.529172 0.625448 0.633284 0.648283 0.508523 0.532147 0.676665 0.545757 0.627137 0.620612 0.430632 0.502414 0.236350 0.533588 0.616136 0.478410 0.638080 0.393373 0.519762 0.435477 0.577788 0.609246 0.617441 0.397437 0.438643 0.429093
0.694159 1.000000 0.691943 0.730914 0.663832 0.652213 0.726995 0.632689 0.691906 0.699321 0.566536 0.631374 0.728701 0.680587 0.626920 0.605872 0.628152 0.611148 0.531490 0.664644 0.624047 0.673652 0.606830 0.629731 0.683420 0.542282 0.687113 0.702231 0.623326 0.549052 0.670331 0.655115 0.558661 0.642870 0.690583 0.592214 0.719290 0.639738 0.681318 0.765730 0.696796 0.649712 0.682710 0.568489 0.605062 0.624063 0.641029 0.595634 0.589539 0.560471 0.630846 0.598268 0.488398 0.691825 0.617913 0.586619 0.771776 0.521492 0.595531 0.553204 0.651483 0.700049 0.564192 0.586916 0.592623 0.731938 0.606768 0.668689 0.661217 0.540375 0.694988 0.696848 0.645698 0.648675 0.514774 0.547836 0.307170 0.536988 0.570347 0.622654 0.738939 0.371717 0.684183 0.501746 0.691856 0.717359 0.619436 0.464659 0.550098 0.474300
0.577856 0.691943 0.999999 0.818025 0.750281 0.553003 0.709288 0.506506 0.536476 0.589825 0.403411 0.464258 0.572215 0.608729 0.550561 0.589319 0.556693 0.537856 0.529008 0.581334 0.623731 0.660715 0.627075 0.529924 0.550055 0.445668 0.509673 0.752329 0.516224 0.471152 0.526832 0.555291 0.527431 0.730190 0.710558 0.446817 0.586611 0.649748 0.507919 0.567021 0.572694 0.528333 0.644369 0.468641 0.496035 0.645365 0.742934 0.633142 0.484883 0.561740 0.605577 0.491781 0.472039 0.539735 0.510292 0.527636 0.697154 0.552171 0.467542 0.528145 0.784573 0.551776 0.507914 0.579937 0.582490 0.519180 0.556035 0.592988 0.691154 0.592118 0.581485 0.672724 0.468840 0.449328 0.443279 0.484012 0.226241 0.490879 0.514124 0.609961 0.559227 0.318060 0.574702 0.482948 0.741456 0.529507 0.506139 0.434135 0.469574 0.379423
0.589228 0.730914 0.818025 1.000000 0.831822 0.539217 0.732638 0.553134 0.600975 0.600501 0.509927 0.528155 0.617142 0.526675 0.527794 0.620438 0.561508 0.570515 0.536925 0.657678 0.702638 0.706648 0.661993 0.603046 0.589478 0.490446 0.586089 0.744528 0.573223 0.533314 0.554060 0.532933 0.487885 0.818774 0.780571 0.497015 0.612011 0.642921 0.586111 0.632688 0.612014 0.573039 0.623717 0.534407 0.495284 0.660183 0.773108 0.669173 0.527068 0.551379 0.635585 0.551843 0.482556 0.581680 0.526317 0.539221 0.701038 0.527943 0.464016 0.532269 0.771314 0.623539 0.511761 0.660753 0.497830 0.617370 0.562053 0.674884 0.695719 0.542159 0.577555 0.666210 0.544801 0.515605 0.456363 0.515522 0.246357 0.478550 0.514314 0.598086 0.589026 0.316825 0.634372 0.435162 0.789337 0.579299 0.514113 0.407205 0.551507 0.456569
0.518604 0.663832 0.750281 0.831822 1.000000 0.477097 0.722533 0.480869 0.505780 0.532581 0.434735 0.534357 0.564322 0.467295 0.415260 0.565902 0.489018 0.543586 0.601910 0.561646 0.612638 0.615614 0.590149 0.489860 0.547914 0.405337 0.475239 0.675786 0.484520 0.494391 0.496784 0.511184 0.378634 0.780296 0.764170 0.475425 0.568355 0.609740 0.493250 0.533005 0.563614 0.467893 0.592574 0.432557 0.474953 0.597942 0.794130 0.712348 0.507011 0.495971 0.648582 0.443599 0.468029 0.497560 0.462095 0.477473 0.641649 0.475341 0.366682 0.514518 0.740254 0.564655 0.475050 0.552156 0.437411 0.532994 0.507789 0.633106 0.687688 0.492836 0.560336 0.581238 0.452343 0.424323 0.402649 0.511325 0.286565 0.497989 0.456205 0.619272 0.528509 0.283828 0.563983 0.418856 0.752255 0.499450 0.486408 0.345679 0.434745 0.397297
0.608292 0.652213 0.553003 0.539217 0.477097 1.000000 0.432464 0.639369 0.666543 0.652169 0.500837 0.658036 0.627221 0.714068 0.849708 0.548254 0.689025 0.711552 0.521070 0.617366 0.588529 0.542168 0.617400 0.615568 0.799213 0.528153 0.806119 0.564039 0.565948 0.544814 0.540875 0.625062 0.633664 0.516671 0.538787 0.545267 0.649299 0.508830 0.806626 0.602726 0.632532 0.590424 0.877442 0.547351 0.601220 0.461646 0.488191 0.522863 0.498913 0.545329 0.580563 0.584296 0.553527 0.641035 0.594921 0.596848 0.680344 0.511358 0.561883 0.548246 0.523964 0.620153 0.448574 0.536515 0.572276 0.657798 0.641540 0.651754 0.437354 0.459188 0.638430 0.632155 0.776630 0.762936 0.497520 0.520738 0.392662 0.529375 0.630863 0.516903 0.590202 0.450047 0.617764 0.524644 0.551016 0.553134 0.618384 0.499782 0.585687 0.436669
0.517815 0.726995 0.709288 0.732638 0.722533 0.432464 0.999999 0.526231 0.538188 0.516115 0.445758 0.485685 0.559726 0.530204 0.408381 0.506732 0.530837 0.478751 0.482211 0.524966 0.536294 0.575653 0.523125 0.527640 0.492337 0.448407 0.529407 0.714769 0.480255 0.507527 0.554558 0.518154 0.440378 0.682272 0.816337 0.440682 0.553838 0.559734 0.529762 0.574670 0.556814 0.539909 0.486322 0.469918 0.453351 0.696266 0.719515 0.641437 0.497867 0.418401 0.567800 0.462559 0.439796 0.429509 0.519257 0.486137 0.523643 0.506032 0.492701 0.544851 0.717730 0.544933 0.519047 0.546502 0.420455 0.547233 0.457485 0.581117 0.733884 0.494461 0.582531 0.556921 0.492138 0.506156 0.511260 0.501366 0.324786 0.448017 0.433093 0.595474 0.536597 0.265276 0.629192 0.432223 0.727753 0.617810 0.468719 0.384392 0.430289 0.383090
0.508925 0.632689 0.506506 0.553134 0.480869 0.639369 0.526231 1.000000 0.580051 0.662661 0.540987 0.592945 0.589995 0.689832 0.570950 0.481045 0.622564 0.629566 0.502132 0.643837 0.606851 0.637369 0.526173 0.638220 0.572089 0.530045 0.635519 0.612471 0.497409 0.518498 0.561230 0.655240 0.615267 0.483270 0.623370 0.524095 0.631382 0.435307 0.626574 0.603534 0.573453 0.561539 0.568146 0.560990 0.567961 0.502746 0.484344 0.454989 0.441975 0.461546 0.467514 0.597571 0.649182 0.575224 0.596544 0.605487 0.575905 0.658660 0.722755 0.714391 0.481684 0.537200 0.579703 0.501999 0.482055 0.544805 0.585766 0.607593 0.534680 0.436880 0.625237 0.535567 0.594666 0.583678 0.687673 0.428679 0.463123 0.552899 0.561957 0.492753 0.545965 0.433179 0.631733 0.486091 0.643674 0.624261 0.563747 0.606856 0.528296 0.531293
0.571205 0.691906 0.536476 0.600975 0.505780 0.666543 0.538188 0.580051 1.000000 0.597749 0.597584 0.589708 0.618247 0.569382 0.606471 0.560808 0.593420 0.596909 0.481195 0.653392 0.650197 0.612766 0.541099 0.672705 0.653271 0.540104 0.638643 0.648580 0.650849 0.471644 0.577662 0.564554 0.539465 0.524729 0.565610 0.624293 0.655238 0.506344 0.628196 0.726605 0.610058 0.854501 0.679581 0.582568 0.583946 0.605579 0.535291 0.540875 0.524515 0.526140 0.580201 0.596481 0.494247 0.679098 0.670911 0.610010 0.661840 0.500103 0.467270 0.527444 0.587262 0.605443 0.508157 0.572339 0.530415 0.660849 0.597918 0.605028 0.534356 0.529154 0.591483 0.743753 0.603549 0.609552 0.560774 0.675862 0.357563 0.468712 0.562162 0.524637 0.625357 0.422432 0.685521 0.531313 0.592682 0.667941 0.597895 0.466071 0.646434 0.462492
0.683954 0.699321 0.589825 0.600501 0.532581 0.652169 0.516115 0.662661 0.597749 1.000000 0.523714 0.653612 0.684392 0.825873 0.567101 0.651623 0.621200 0.656393 0.557100 0.582773 0.580026 0.639001 0.553917 0.574593 0.668680 0.569727 0.661105 0.570446 0.565889 0.503967 0.559738 0.793746 0.530578 0.517339 0.578482 0.530171 0.709677 0.588172 0.655789 0.635435 0.693222 0.524379 0.641907 0.521596 0.607293 0.492957 0.585832 0.517876 0.622763 0.564186 0.601525 0.560808 0.561279 0.659482 0.524691 0.549438 0.661125 0.528065 0.556230 0.561242 0.562428 0.674895 0.520691 0.480053 0.558564 0.606394 0.635036 0.648663 0.517421 0.551524 0.684333 0.585755 0.622383 0.623604 0.475119 0.498013 0.285330 0.649231 0.606848 0.569330 0.566904 0.374086 0.611684 0.475898 0.651932 0.648857 0.609616 0.450043 0.480389 0.431251
0.524546 0.566536 0.403411 0.509927 0.434735 0.500837 0.445758 0.540987 0.597584 0.523714 1.000000 0.573082 0.588127 0.465411 0.470109 0.446181 0.536315 0.528392 0.457576 0.622166 0.598734 0.496303 0.534918 0.594301 0.489700 0.601669 0.508104 0.572381 0.556479 0.516018 0.519695 0.510372 0.542964 0.388035 0.503976 0.574128 0.540172 0.414327 0.506949 0.568860 0.516587 0.559464 0.461094 0.621414 0.514307 0.442782 0.418758 0.447992 0.549744 0.456605 0.443691 0.592192 0.599113 0.545646 0.571403 0.510316 0.470540 0.471537 0.474925 0.491104 0.455363 0.552757 0.570833 0.530771 0.532371 0.520640 0.505072 0.498827 0.433899 0.445581 0.499798 0.516388 0.497123 0.521840 0.428723 0.514712 0.327266 0.458095 0.474167 0.495316 0.510888 0.450386 0.518677 0.431659 0.546292 0.588962 0.512833 0.387715 0.512763 0.619504
0.729118 0.631374 0.464258 0.528155 0.534357 0.658036 0.485685 0.592945 0.589708 0.653612 0.573082 1.000000 0.785491 0.641863 0.563553 0.502886 0.624113 0.611381 0.528618 0.503132 0.540469 0.533452 0.512955 0.543110 0.637265 0.491810 0.640769 0.507989 0.535499 0.646623 0.627618 0.612193 0.454236 0.449871 0.585569 0.564868 0.612478 0.468768 0.637406 0.569864 0.806519 0.538526 0.604498 0.427460 0.562857 0.433027 0.592339 0.651100 0.495352 0.480341 0.504022 0.422594 0.576958 0.616696 0.563267 0.516603 0.523602 0.515636 0.501682 0.551725 0.494973 0.790033 0.489917 0.450625 0.538548 0.554901 0.638454 0.638395 0.488944 0.441432 0.620340 0.508927 0.616047 0.627746 0.437399 0.542354 0.346854 0.526361 0.634525 0.456068 0.545007 0.485600 0.589244 0.461402 0.609135 0.600196 0.560091 0.387909 0.498257 0.467232
0.794431 0.728701 0.572215 0.617142 0.564322 0.627221 0.559726 0.589995 0.618247 0.684392 0.588127 0.785491 1.000000 0.631470 0.573483 0.611827 0.650251 0.559115 0.540251 0.564344 0.595286 0.571844 0.572381 0.557162 0.650558 0.510933 0.642466 0.589708 0.536771 0.539622 0.595589 0.625183 0.465605 0.550157 0.590125 0.563056 0.726303 0.578333 0.637031 0.657529 0.796427 0.528354 0.614234 0.509103 0.621494 0.492497 0.629705 0.643855 0.590010 0.616477 0.621371 0.512321 0.497860 0.679060 0.593041 0.538345 0.654498 0.521354 0.506891 0.551525 0.563547 0.809192 0.508969 0.544009 0.599311 0.672591 0.587572 0.662291 0.550119 0.528527 0.656155 0.592106 0.613904 0.612326 0.492467 0.537474 0.226244 0.526149 0.575407 0.570271 0.719655 0.426533 0.553726 0.369783 0.651031 0.608583 0.629566 0.401458 0.472737 0.447360
0.640070 0.680587 0.608729 0.526675 0.467295 0.714068 0.530204 0.689832 0.569382 0.825873 0.465411 0.641863 0.631470 1.000001 0.623148 0.587759 0.657875 0.628866 0.495245 0.545391 0.518445 0.609430 0.511471 0.612965 0.610323 0.498144 0.626584 0.541470 0.533214 0.478608 0.604008 0.781888 0.631226 0.459447 0.553489 0.495274 0.641950 0.536582 0.619984 0.616817 0.693187 0.530597 0.648202 0.505750 0.604185 0.490941 0.525554 0.473397 0.524659 0.467600 0.554208 0.540045 0.556933 0.576149 0.510969 0.550780 0.616912 0.559460 0.599332 0.598486 0.510961 0.631471 0.494634 0.425695 0.588048 0.540051 0.589712 0.635637 0.519292 0.507987 0.683706 0.575724 0.601359 0.597770 0.486940 0.461973 0.368198 0.641733 0.575611 0.537196 0.519916 0.375426 0.623204 0.551589 0.596904 0.645166 0.596902 0.525160 0.475180 0.439896
0.587618 0.626920 0.550561 0.527794 0.415260 0.849708 0.408381 0.570950 0.606471 0.567101 0.470109 0.563553 0.573483 0.623148 1.000000 0.558134 0.616817 0.653864 0.465855 0.623484 0.556725 0.528977 0.515934 0.600361 0.718716 0.513101 0.729112 0.528340 0.586513 0.539784 0.493266 0.555617 0.626783 0.483291 0.483693 0.476212 0.587687 0.508747 0.717021 0.542973 0.562197 0.544696 0.793766 0.525229 0.555884 0.454996 0.431457 0.473522 0.509058 0.565164 0.537779 0.562798 0.467954 0.639310 0.630383 0.565634 0.655189 0.526039 0.541250 0.472933 0.477122 0.570596 0.461873 0.520464 0.558713 0.668791 0.615367 0.574857 0.420657 0.506780 0.548295 0.626746 0.716513 0.695437 0.432536 0.461049 0.374759 0.486917 0.593324 0.479860 0.597267 0.390891 0.556258 0.491655 0.493157 0.533493 0.564840 0.458750 0.536544 0.385967
0.605570 0.605872 0.589319 0.620438 0.565902 0.548254 0.506732 0.481045 0.560808 0.651623 0.446181 0.502886 0.611827 0.587759 0.558134 1.000000 0.524215 0.610761 0.494227 0.594068 0.596422 0.612445 0.550411 0.560492 0.547795 0.549443 0.578764 0.508402 0.564663 0.508922 0.514008 0.629773 0.511592 0.615381 0.536222 0.506244 0.659907 0.864480 0.567121 0.534006 0.567487 0.498051 0.589430 0.504464 0.573141 0.577989 0.611311 0.506326 0.642314 0.591084 0.826957 0.521376 0.459326 0.584299 0.476052 0.513341 0.657529 0.480560 0.478330 0.443681 0.590621 0.591462 0.562217 0.595964 0.481205 0.635708 0.524844 0.593929 0.524237 0.624914 0.563861 0.601532 0.545794 0.510912 0.508502 0.657693 0.339874 0.511390 0.502063 0.554680 0.647118 0.277630 0.519644 0.416597 0.539922 0.482978 0.573660 0.398366 0.459602 0.424136
0.628891 0.628152 0.556693 0.561508 0.489018 0.689025 0.530837 0.622564 0.593420 0.621200 0.536315 0.624113 0.650251 0.657875 0.616817 0.524215 1.000000 0.658447 0.457910 0.578408 0.594025 0.642978 0.571648 0.602292 0.612512 0.520110 0.739065 0.600271 0.545377 0.513870 0.672569 0.680975 0.556536 0.508763 0.629544 0.448049 0.690920 0.512652 0.733283 0.562659 0.630321 0.547399 0.668699 0.570479 0.608804 0.487138 0.497271 0.490770 0.483068 0.541453 0.541716 0.598553 0.593162 0.640163 0.633982 0.565494 0.587704 0.553450 0.641868 0.573027 0.540404 0.619256 0.551292 0.537301 0.492308 0.571051 0.650404 0.722408 0.571812 0.529982 0.721743 0.566623 0.680736 0.692219 0.488161 0.514862 0.444594 0.758143 0.630750 0.508150 0.592792 0.428859 0.602015 0.490680 0.606190 0.645950 0.603723 0.463835 0.554371 0.576913
0.571938 0.611148 0.537856 0.570515 0.543586 0.711552 0.478751 0.629566 0.596909 0.656393 0.528392 0.611381 0.559115 0.628866 0.653864 0.610761 0.658447 1.000001 0.560120 0.645144 0.605710 0.624187 0.604070 0.696809 0.613775 0.513356 0.636168 0.574634 0.623717 0.673408 0.672888 0.666564 0.593795 0.528984 0.541062 0.522533 0.678088 0.568981 0.635678 0.526405 0.592982 0.535407 0.699873 0.559091 0.633913 0.527044 0.576863 0.512080 0.569701 0.539197 0.590398 0.570383 0.615328 0.648503 0.642554 0.548871 0.613140 0.579400 0.550715 0.558893 0.538446 0.577774 0.543823 0.518408 0.524759 0.695864 0.617462 0.687721 0.550270 0.536961 0.687740 0.553962 0.601647 0.598367 0.485873 0.561322 0.471854 0.591026 0.604713 0.472121 0.619403 0.453810 0.648149 0.575770 0.516521 0.629106 0.632131 0.439438 0.571427 0.445900
0.534467 0.531490 0.529008 0.536925 0.601910 0.521070 0.482211 0.502132 0.481195 0.557100 0.457576 0.528618 0.540251 0.495245 0.465855 0.494227 0.457910 0.560120 0.999999 0.533172 0.528568 0.546808 0.551294 0.533644 0.553268 0.412961 0.502594 0.513785 0.500413 0.551998 0.523178 0.518940 0.410580 0.525604 0.523061 0.479749 0.555796 0.515286 0.507467 0.480216 0.564039 0.492327 0.578202 0.415438 0.493114 0.483649 0.541610 0.537440 0.494987 0.447659 0.528846 0.425026 0.462915 0.467773 0.494557 0.545535 0.524090 0.459677 0.405421 0.465137 0.576963 0.562756 0.421975 0.503819 0.534585 0.513630 0.581136 0.519227 0.524378 0.424835 0.510244 0.509571 0.483781 0.472649 0.445988 0.494149 0.315759 0.451778 0.553595 0.620514 0.572741 0.284216 0.531981 0.517320 0.584363 0.532616 0.525756 0.397988 0.479061 0.398082
0.484758 0.664644 0.581334 0.657678 0.561646 0.617366 0.524966 0.643837 0.653392 0.582773 0.622166 0.503132 0.564344 0.545391 0.623484 0.594068 0.578408 0.645144 0.533172 1.000000 0.803747 0.773689 0.626359 0.632747 0.568087 0.615434 0.592924 0.685736 0.600613 0.502984 0.548496 0.579049 0.583135 0.590224 0.594835 0.565918 0.611822 0.542965 0.589861 0.602277 0.512386 0.647025 0.626590 0.613666 0.560712 0.572760 0.512571 0.537669 0.526101 0.584968 0.558729 0.640493 0.497089 0.664330 0.671905 0.618510 0.661014 0.511937 0.505730 0.524359 0.596129 0.515122 0.583927 0.596085 0.550509 0.630004 0.500823 0.561455 0.622861 0.563083 0.574782 0.636229 0.544741 0.537758 0.534820 0.541173 0.367631 0.529967 0.460411 0.588249 0.594934 0.366560 0.617218 0.467230 0.663079 0.578723 0.555927 0.474051 0.584846 0.504605
0.523233 0.624047 0.623731 0.702638 0.612638 0.588529 0.536294 0.606851 0.650197 0.580026 0.598734 0.540469 0.595286 0.518445 0.556725 0.596422 0.594025 0.605710 0.528568 0.803747 1.000000 0.851004 0.633902 0.627035 0.563697 0.569141 0.552850 0.715447 0.582262 0.478435 0.543560 0.579592 0.555246 0.603615 0.623014 0.549403 0.587758 0.521618 0.553169 0.555953 0.534537 0.602335 0.583562 0.658912 0.545257 0.533660 0.599650 0.597881 0.552223 0.664072 0.581632 0.639966 0.500827 0.620271 0.602346 0.616198 0.632277 0.506954 0.463992 0.542267 0.693209 0.557237 0.512879 0.612905 0.478276 0.577823 0.544743 0.577987 0.625994 0.606802 0.527707 0.609652 0.519359 0.516906 0.546911 0.544394 0.287655 0.519300 0.502631 0.559341 0.592686 0.390016 0.612168 0.444424 0.665595 0.515172 0.536128 0.477864 0.592871 0.479649
0.541151 0.673652 0.660715 0.706648 0.615614 0.542168 0.575653 0.637369 0.612766 0.639001 0.496303 0.533452 0.571844 0.609430 0.528977 0.612445 0.642978 0.624187 0.546808 0.773689 0.851004 1.000001 0.613681 0.621567 0.535155 0.536915 0.555931 0.680995 0.581824 0.515647 0.690462 0.678445 0.501629 0.606046 0.676184 0.514513 0.653465 0.565167 0.545824 0.559471 0.571380 0.583170 0.569953 0.567199 0.591039 0.571014 0.624156 0.612466 0.531525 0.576537 0.590284 0.576091 0.480331 0.593638 0.559894 0.597855 0.655906 0.539825 0.530271 0.555231 0.681254 0.563815 0.513218 0.534245 0.489954 0.582829 0.564332 0.640754 0.705635 0.590932 0.656900 0.581191 0.508398 0.507878 0.513229 0.527209 0.361639 0.623361 0.528859 0.565159 0.613104 0.353189 0.658134 0.521523 0.687602 0.598675 0.583178 0.512658 0.560919 0.459135
0.515461 0.606830 0.627075 0.661993 0.590149 0.617400 0.523125 0.526173 0.541099 0.553917 0.534918 0.512955 0.572381 0.511471 0.515934 0.550411 0.571648 0.604070 0.551294 0.626359 0.633902 0.613681 1.000001 0.620046 0.571439 0.493732 0.570158 0.654022 0.565197 0.541498 0.612359 0.531001 0.508484 0.675764 0.609007 0.491151 0.559890 0.630890 0.575104 0.528706 0.512657 0.509516 0.589002 0.550813 0.484978 0.614242 0.546242 0.570691 0.495690 0.471605 0.629941 0.563730 0.565664 0.536155 0.550033 0.497388 0.605762 0.510820 0.479159 0.531360 0.581145 0.515585 0.500654 0.581654 0.436105 0.561368 0.579655 0.568102 0.591823 0.488101 0.556151 0.575821 0.541785 0.540139 0.464948 0.521136 0.314010 0.484458 0.567454 0.612844 0.578139 0.365857 0.587616 0.502604 0.577068 0.558713 0.504615 0.427670 0.524552 0.420987
0.541948 0.629731 0.529924 0.603046 0.489860 0.615568 0.527640 0.638220 0.672705 0.574593 0.594301 0.543110 0.557162 0.612965 0.600361 0.560492 0.602292 0.696809 0.533644 0.632747 0.627035 0.621567 0.620046 1.000001 0.533137 0.490824 0.601303 0.598973 0.718300 0.576299 0.658544 0.611343 0.648944 0.531283 0.565523 0.559215 0.652569 0.549517 0.596716 0.614024 0.559433 0.670269 0.612044 0.602001 0.620958 0.556151 0.478689 0.437641 0.549274 0.526441 0.527088 0.598098 0.569016 0.634692 0.632698 0.652243 0.624205 0.528124 0.525112 0.547866 0.530435 0.560293 0.535091 0.555234 0.508974 0.640946 0.627925 0.593744 0.575971 0.466331 0.590804 0.625603 0.565540 0.556670 0.511886 0.653767 0.491511 0.484136 0.624786 0.591757 0.629784 0.405594 0.778988 0.655083 0.566562 0.745648 0.632846 0.527464 0.625246 0.507856
0.639391 0.683420 0.550055 0.589478 0.547914 0.799213 0.492337 0.572089 0.653271 0.668680 0.489700 0.637265 0.650558 0.610323 0.718716 0.547795 0.612512 0.613775 0.553268 0.568087 0.563697 0.535155 0.571439 0.533137 1.000000 0.537827 0.840883 0.593013 0.584907 0.543855 0.481703 0.554995 0.483719 0.593562 0.585269 0.576895 0.655539 0.500433 0.855397 0.639912 0.641136 0.598796 0.786652 0.513929 0.586604 0.531174 0.553830 0.584458 0.528680 0.515090 0.597049 0.558243 0.561474 0.626309 0.570883 0.595053 0.704266 0.478805 0.504689 0.501590 0.571403 0.652918 0.487859 0.589129 0.538078 0.598428 0.645283 0.678900 0.503104 0.500042 0.620397 0.656077 0.848056 0.845200 0.474911 0.470743 0.310310 0.504759 0.609363 0.542403 0.591002 0.404346 0.611850 0.450647 0.608545 0.643021 0.602851 0.426059 0.573757 0.368716
0.481536 0.542282 0.445668 0.490446 0.405337 0.528153 0.448407 0.530045 0.540104 0.569727 0.601669 0.491810 0.510933 0.498144 0.513101 0.549443 0.520110 0.513356 0.412961 0.615434 0.569141 0.536915 0.493732 0.490824 0.537827 1.000000 0.512830 0.517598 0.518530 0.460584 0.459892 0.490642 0.439497 0.414376 0.483975 0.458734 0.543369 0.500310 0.513289 0.515058 0.463860 0.486527 0.511193 0.483004 0.509496 0.500578 0.373700 0.405712 0.564152 0.473905 0.536934 0.492282 0.547632 0.550081 0.543706 0.524444 0.502193 0.501732 0.440282 0.500618 0.438919 0.503533 0.646889 0.514451 0.457305 0.511967 0.501520 0.471712 0.428263 0.461328 0.529214 0.489031 0.502742 0.501530 0.442017 0.507737 0.303976 0.498825 0.474708 0.468448 0.468291 0.318557 0.485551 0.343027 0.547616 0.499438 0.501708 0.389274 0.467300 0.427019
0.639337 0.687113 0.509673 0.586089 0.475239 0.806119 0.529407 0.635519 0.638643 0.661105 0.508104 0.640769 0.642466 0.626584 0.729112 0.578764 0.739065 0.636168 0.502594 0.592924 0.552850 0.555931 0.570158 0.601303 0.840883 0.512830 0.999999 0.565131 0.581214 0.568024 0.535094 0.610546 0.530001 0.579612 0.647371 0.547405 0.654287 0.552353 0.985456 0.655285 0.647627 0.614712 0.751517 0.512921 0.579468 0.519397 0.492379 0.489552 0.534052 0.505482 0.591701 0.562342 0.563175 0.633439 0.551661 0.573579 0.662402 0.480101 0.623259 0.504565 0.537750 0.654248 0.539976 0.585892 0.495038 0.645214 0.621715 0.680383 0.524903 0.486278 0.621111 0.610895 0.957667 0.948426 0.537074 0.507748 0.456900 0.548881 0.601271 0.577546 0.615359 0.388559 0.624450 0.471851 0.619431 0.668746 0.596092 0.401340 0.588912 0.502363
0.530065 0.702231 0.752329 0.744528 0.675786 0.564039 0.714769 0.612471 0.648580 0.570446 0.572381 0.507989 0.589708 0.541470 0.528340 0.508402 0.600271 0.574634 0.513785 0.685736 0.715447 0.680995 0.654022 0.598973 0.593013 0.517598 0.565131 1.000001 0.546324 0.508273 0.503905 0.516523 0.535215 0.662455 0.728239 0.514685 0.591287 0.523446 0.573457 0.623245 0.529010 0.627037 0.610540 0.582912 0.531341 0.760241 0.655568 0.641644 0.449370 0.583333 0.595658 0.608165 0.529688 0.583523 0.614640 0.593135 0.623479 0.554663 0.530222 0.553138 0.802018 0.530243 0.561269 0.612850 0.519349 0.534450 0.590238 0.627473 0.755753 0.596897 0.588798 0.626186 0.529763 0.543403 0.565065 0.545374 0.284062 0.502450 0.547496 0.586610 0.544334 0.420853 0.647148 0.482860 0.738198 0.621873 0.548828 0.426813 0.578884 0.444641
0.593360 0.623326 0.516224 0.573223 0.484520 0.565948 0.480255 0.497409 0.650849 0.565889 0.556479 0.535499 0.536771 0.533214 0.586513 0.564663 0.545377 0.623717 0.500413 0.600613 0.582262 0.581824 0.565197 0.718300 0.584907 0.518530 0.581214 0.546324 1.000000 0.506167 0.594925 0.501524 0.591266 0.470489 0.507300 0.511974 0.649339 0.546165 0.576559 0.562108 0.594445 0.601275 0.613155 0.571852 0.595139 0.578624 0.466161 0.521110 0.534985 0.516068 0.566437 0.584456 0.461555 0.693970 0.661740 0.530071 0.628780 0.429284 0.463705 0.453300 0.480725 0.599817 0.485594 0.486118 0.493320 0.626203 0.578085 0.547550 0.579351 0.477834 0.553267 0.684283 0.572401 0.575908 0.383993 0.628131 0.354421 0.469480 0.548427 0.497877 0.614176 0.349323 0.568566 0.448612 0.532426 0.673771 0.610840 0.426061 0.551254 0.415439
0.530642 0.549052 0.471152 0.533314 0.494391 0.544814 0.507527 0.518498 0.471644 0.503967 0.516018 0.646623 0.539622 0.478608 0.539784 0.508922 0.513870 0.673408 0.551998 0.502984 0.478435 0.515647 0.541498 0.576299 0.543855 0.460584 0.568024 0.508273 0.506167 1.000000 0.591657 0.509966 0.462484 0.491651 0.532943 0.483918 0.505805 0.495867 0.571555 0.413570 0.579056 0.464016 0.529024 0.445510 0.510104 0.490990 0.530300 0.520687 0.542176 0.459267 0.493835 0.447604 0.603828 0.530911 0.533106 0.441250 0.478846 0.556684 0.483693 0.503517 0.464145 0.591898 0.495724 0.484192 0.485625 0.538012 0.595953 0.540770 0.514624 0.469801 0.560196 0.444340 0.553228 0.577316 0.370899 0.495728 0.485455 0.472544 0.592997 0.464380 0.525771 0.459425 0.559795 0.542270 0.497467 0.591568 0.514840 0.349770 0.551397 0.370183
0.598004 0.670331 0.526832 0.554060 0.496784 0.540875 0.554558 0.561230 0.577662 0.559738 0.519695 0.627618 0.595589 0.604008 0.493266 0.514008 0.672569 0.672888 0.523178 0.548496 0.543560 0.690462 0.612359 0.658544 0.481703 0.459892 0.535094 0.503905 0.594925 0.591657 1.000000 0.693551 0.467285 0.499525 0.585662 0.470390 0.664229 0.569596 0.522701 0.556793 0.606784 0.542648 0.541246 0.486806 0.611331 0.497107 0.581821 0.513205 0.543006 0.393041 0.512308 0.473206 0.486336 0.578550 0.626500 0.507313 0.548537 0.543468 0.491467 0.583160 0.494822 0.601520 0.490922 0.442455 0.452239 0.630312 0.579634 0.657355 0.592734 0.444136 0.704683 0.552017 0.482560 0.503290 0.360939 0.535419 0.388099 0.564341 0.567833 0.482002 0.672369 0.416308 0.615534 0.584099 0.518939 0.651812 0.615049 0.410346 0.536174 0.498064
0.575604 0.655115 0.555291 0.532933 0.511184 0.625062 0.518154 0.655240 0.564554 0.793746 0.510372 0.612193 0.625183 0.781888 0.555617 0.629773 0.680975 0.666564 0.518940 0.579049 0.579592 0.678445 0.531001 0.611343 0.554995 0.490642 0.610546 0.516523 0.501524 0.509966 0.693551 1.000000 0.525558 0.503148 0.581835 0.513165 0.692713 0.582453 0.600752 0.563318 0.595481 0.495812 0.591987 0.497174 0.617848 0.428788 0.543942 0.510217 0.596437 0.492060 0.592420 0.491243 0.509958 0.570837 0.540510 0.566233 0.620603 0.545565 0.567135 0.601567 0.524000 0.588371 0.514213 0.470734 0.521550 0.591938 0.558520 0.662685 0.539757 0.568616 0.696923 0.545016 0.555975 0.559567 0.445576 0.517070 0.444587 0.676156 0.547206 0.546217 0.573920 0.345009 0.645738 0.551334 0.566738 0.606619 0.610257 0.504758 0.451579 0.522887
0.468792 0.558661 0.527431 0.487885 0.378634 0.633664 0.440378 0.615267 0.539465 0.530578 0.542964 0.454236 0.465605 0.631226 0.626783 0.511592 0.556536 0.593795 0.410580 0.583135 0.555246 0.501629 0.508484 0.648944 0.483719 0.439497 0.530001 0.535215 0.591266 0.462484 0.467285 0.525558 1.000000 0.379819 0.427041 0.529053 0.528391 0.437756 0.517266 0.521278 0.453178 0.516071 0.598902 0.810223 0.510655 0.401781 0.391961 0.346148 0.486959 0.550233 0.397540 0.806712 0.553686 0.559624 0.552675 0.572356 0.531384 0.516344 0.635042 0.519922 0.451171 0.443699 0.503927 0.419906 0.526229 0.498649 0.530316 0.468601 0.442893 0.459260 0.497327 0.563850 0.499239 0.492943 0.489541 0.455531 0.379297 0.474470 0.498997 0.445171 0.516915 0.404852 0.539453 0.465015 0.473144 0.539451 0.510243 0.598412 0.538659 0.494362
0.493725 0.642870 0.730190 0.818774 0.780296 0.516671 0.682272 0.483270 0.524729 0.517339 0.388035 0.449871 0.550157 0.459447 0.483291 0.615381 0.508763 0.528984 0.525604 0.590224 0.603615 0.606046 0.675764 0.531283 0.593562 0.414376 0.579612 0.662455 0.470489 0.491651 0.499525 0.503148 0.379819 1.000000 0.729391 0.458042 0.560639 0.680497 0.591086 0.511153 0.511851 0.510932 0.606177 0.419363 0.465236 0.684774 0.716246 0.642048 0.503027 0.476116 0.676625 0.423719 0.413650 0.482613 0.470250 0.472936 0.656790 0.423854 0.381725 0.463817 0.753779 0.512796 0.514990 0.607741 0.442458 0.525271 0.458631 0.636578 0.667929 0.506556 0.552169 0.644298 0.553904 0.514658 0.469848 0.517236 0.331250 0.438012 0.424308 0.679075 0.557128 0.237964 0.593112 0.478779 0.696774 0.503271 0.471775 0.342154 0.490108 0.383845
0.521776 0.690583 0.710558 0.780571 0.764170 0.538787 0.816337 0.623370 0.565610 0.578482 0.503976 0.585569 0.590125 0.553489 0.483693 0.536222 0.629544 0.541062 0.523061 0.594835 0.623014 0.676184 0.609007 0.565523 0.585269 0.483975 0.647371 0.728239 0.507300 0.532943 0.585662 0.581835 0.427041 0.729391 1.000001 0.525035 0.616614 0.581143 0.655117 0.582248 0.594390 0.538634 0.561953 0.448189 0.514386 0.659929 0.752562 0.744222 0.491527 0.412827 0.635839 0.458876 0.536886 0.457366 0.463383 0.560690 0.601116 0.581040 0.571201 0.663561 0.725041 0.570242 0.586823 0.589543 0.462903 0.549163 0.546461 0.648174 0.740227 0.500885 0.619775 0.568839 0.623536 0.616359 0.569344 0.534040 0.450370 0.481983 0.510815 0.630165 0.558761 0.380868 0.661714 0.447351 0.826682 0.605677 0.523460 0.446885 0.518846 0.543226
0.515425 0.592214 0.446817 0.497015 0.475425 0.545267 0.440682 0.524095 0.624293 0.530171 0.574128 0.564868 0.563056 0.495274 0.476212 0.506244 0.448049 0.522533 0.479749 0.565918 0.549403 0.514513 0.491151 0.559215 0.576895 0.458734 0.547405 0.514685 0.511974 0.483918 0.470390 0.513165 0.529053 0.458042 0.525035 1.000000 0.605415 0.419715 0.554501 0.622462 0.530102 0.568849 0.512950 0.555263 0.584491 0.470996 0.494218 0.488061 0.567636 0.506786 0.463150 0.553361 0.485545 0.546596 0.470009 0.603408 0.545088 0.467612 0.502717 0.475483 0.517920 0.533140 0.452074 0.478921 0.534799 0.574661 0.498256 0.521011 0.493094 0.471732 0.537989 0.490549 0.531597 0.531282 0.500824 0.514411 0.312793 0.403747 0.491979 0.597123 0.561962 0.480963 0.521091 0.450102 0.521651 0.488243 0.597720 0.444804 0.491577 0.472785
0.703245 0.719290 0.586611 0.612011 0.568355 0.649299 0.553838 0.631382 0.655238 0.709677 0.540172 0.612478 0.726303 0.641950 0.587687 0.659907 0.690920 0.678088 0.555796 0.611822 0.587758 0.653465 0.559890 0.652569 0.655539 0.543369 0.654287 0.591287 0.649339 0.505805 0.664229 0.692713 0.528391 0.560639 0.616614 0.605415 1.000000 0.634760 0.649077 0.701170 0.707110 0.575152 0.678593 0.530832 0.863607 0.526890 0.607902 0.542125 0.645298 0.578694 0.626444 0.559098 0.520622 0.723569 0.585332 0.624447 0.720059 0.530110 0.557974 0.558287 0.587371 0.695702 0.518841 0.523587 0.582774 0.705343 0.617475 0.760767 0.559815 0.576060 0.841643 0.638288 0.611584 0.602774 0.512348 0.590376 0.366815 0.602280 0.598940 0.588679 0.727213 0.392511 0.634088 0.510425 0.602773 0.655267 0.866310 0.507373 0.524627 0.505437
0.586380 0.639738 0.649748 0.642921 0.609740 0.508830 0.559734 0.435307 0.506344 0.588172 0.414327 0.468768 0.578333 0.536582 0.508747 0.864480 0.512652 0.568981 0.515286 0.542965 0.521618 0.565167 0.630890 0.549517 0.500433 0.500310 0.552353 0.523446 0.546165 0.495867 0.569596 0.582453 0.437756 0.680497 0.581143 0.419715 0.634760 1.000001 0.549520 0.499222 0.568038 0.483185 0.591108 0.425789 0.533486 0.619154 0.588058 0.527771 0.596376 0.490832 0.850276 0.442316 0.428114 0.550852 0.490198 0.449503 0.648835 0.454895 0.454909 0.431359 0.590415 0.577206 0.530675 0.604081 0.467819 0.587717 0.507926 0.544696 0.556084 0.573951 0.557214 0.627435 0.514021 0.490160 0.487039 0.649639 0.306188 0.469594 0.483862 0.613900 0.638448 0.254291 0.507766 0.465000 0.560311 0.490136 0.541753 0.349026 0.396214 0.417729
0.640126 0.681318 0.507919 0.586111 0.493250 0.806626 0.529762 0.626574 0.628196 0.655789 0.506949 0.637406 0.637031 0.619984 0.717021 0.567121 0.733283 0.635678 0.507467 0.589861 0.553169 0.545824 0.575104 0.596716 0.855397 0.513289 0.985456 0.573457 0.576559 0.571555 0.522701 0.600752 0.517266 0.591086 0.655117 0.554501 0.649077 0.549520 1.000000 0.652983 0.645205 0.607293 0.757501 0.516824 0.586005 0.520371 0.504627 0.502889 0.534448 0.503768 0.598210 0.566892 0.568557 0.632010 0.547400 0.563683 0.651904 0.476883 0.612860 0.512901 0.543865 0.653595 0.541846 0.600576 0.496642 0.633410 0.621033 0.678854 0.523814 0.475420 0.625501 0.604843 0.962892 0.954920 0.532572 0.508606 0.461192 0.549446 0.595616 0.583459 0.594782 0.389778 0.621085 0.478065 0.612085 0.670485 0.605687 0.402841 0.589232 0.508839
0.606433 0.765730 0.567021 0.632688 0.533005 0.602726 0.574670 0.603534 0.726605 0.635435 0.568860 0.569864 0.657529 0.616817 0.542973 0.534006 0.562659 0.526405 0.480216 0.602277 0.555953 0.559471 0.528706 0.614024 0.639912 0.515058 0.655285 0.623245 0.562108 0.413570 0.556793 0.563318 0.521278 0.511153 0.582248 0.622462 0.701170 0.499222 0.652983 1.000001 0.600391 0.717888 0.616670 0.503792 0.613953 0.586310 0.553793 0.463951 0.545500 0.491668 0.541798 0.545727 0.518674 0.659027 0.591532 0.558899 0.701724 0.491838 0.571899 0.535084 0.562718 0.608683 0.551005 0.552817 0.610586 0.693277 0.508055 0.634283 0.553024 0.433871 0.626446 0.659557 0.637697 0.620631 0.545637 0.532340 0.257286 0.476714 0.468842 0.536748 0.687780 0.308668 0.649754 0.513268 0.648927 0.694137 0.638631 0.469998 0.530103 0.502944
0.879026 0.696796 0.572694 0.612014 0.563614 0.632532 0.556814 0.573453 0.610058 0.693222 0.516587 0.806519 0.796427 0.693187 0.562197 0.567487 0.630321 0.592982 0.564039 0.512386 0.534537 0.571380 0.512657 0.559433 0.641136 0.463860 0.647627 0.529010 0.594445 0.579056 0.606784 0.595481 0.453178 0.511851 0.594390 0.530102 0.707110 0.568038 0.645205 0.600391 1.000000 0.579673 0.645158 0.461845 0.611454 0.490574 0.638722 0.638460 0.519812 0.506456 0.584393 0.476357 0.542294 0.658158 0.539826 0.495258 0.591903 0.494489 0.480125 0.529035 0.549366 0.931049 0.454546 0.498795 0.553595 0.613693 0.649431 0.653925 0.555172 0.513961 0.686926 0.576032 0.632932 0.632891 0.460244 0.537161 0.298261 0.539832 0.623253 0.487203 0.600665 0.399520 0.584032 0.478162 0.656400 0.667648 0.612885 0.412573 0.481812 0.415472
0.530571 0.649712 0.528333 0.573039 0.467893 0.590424 0.539909 0.561539 0.854501 0.524379 0.559464 0.538526 0.528354 0.530597 0.544696 0.498051 0.547399 0.535407 0.492327 0.647025 0.602335 0.583170 0.509516 0.670269 0.598796 0.486527 0.614712 0.627037 0.601275 0.464016 0.542648 0.495812 0.516071 0.510932 0.538634 0.568849 0.575152 0.483185 0.607293 0.717888 0.579673 1.000000 0.631379 0.510775 0.515083 0.620707 0.466248 0.445985 0.410820 0.434670 0.505281 0.555731 0.505792 0.626903 0.675837 0.552594 0.602248 0.429700 0.428949 0.434478 0.613455 0.574177 0.462446 0.526636 0.508952 0.607850 0.529319 0.510472 0.568995 0.478778 0.537936 0.710401 0.584567 0.584349 0.573691 0.638607 0.377936 0.457699 0.486952 0.504241 0.585969 0.381112 0.665854 0.647804 0.559335 0.679413 0.534164 0.475827 0.643988 0.441408
0.622654 0.682710 0.644369 0.623717 0.592574 0.877442 0.486322 0.568146 0.679581 0.641907 0.461094 0.604498 0.614234 0.648202 0.793766 0.589430 0.668699 0.699873 0.578202 0.626590 0.583562 0.569953 0.589002 0.612044 0.786652 0.511193 0.751517 0.610540 0.613155 0.529024 0.541246 0.591987 0.598902 0.606177 0.561953 0.512950 0.678593 0.591108 0.757501 0.616670 0.645158 0.631379 1.000000 0.531968 0.602781 0.533971 0.570024 0.596936 0.496066 0.556347 0.667731 0.568454 0.510924 0.654503 0.608544 0.565576 0.732605 0.476712 0.490330 0.495326 0.593015 0.632093 0.472462 0.557149 0.560991 0.633819 0.662711 0.687937 0.527430 0.525895 0.652218 0.726266 0.720348 0.702526 0.481960 0.611185 0.354035 0.537655 0.634712 0.534593 0.622286 0.392409 0.636198 0.556968 0.607372 0.585962 0.618331 0.444108 0.590412 0.411443
0.520428 0.568489 0.468641 0.534407 0.432557 0.547351 0.469918 0.560990 0.582568 0.521596 0.621414 0.427460 0.509103 0.505750 0.525229 0.504464 0.570479 0.559091 0.415438 0.613666 0.658912 0.567199 0.550813 0.602001 0.513929 0.483004 0.512921 0.582912 0.571852 0.445510 0.486806 0.497174 0.810223 0.419363 0.448189 0.555263 0.530832 0.425789 0.516824 0.503792 0.461845 0.510775 0.531968 1.000000 0.501912 0.406583 0.412511 0.395308 0.529638 0.621184 0.435914 0.944854 0.562077 0.587830 0.535148 0.589433 0.500039 0.534018 0.552906 0.546053 0.501423 0.485070 0.489952 0.474072 0.414649 0.495654 0.526964 0.493347 0.461242 0.515137 0.520686 0.547453 0.488334 0.502023 0.514882 0.484194 0.298035 0.515043 0.497051 0.469176 0.515893 0.419694 0.533985 0.376288 0.495829 0.535521 0.504146 0.555972 0.536389 0.474513
0.610059 0.605062 0.496035 0.495284 0.474953 0.601220 0.453351 0.567961 0.583946 0.607293 0.514307 0.562857 0.621494 0.604185 0.555884 0.573141 0.608804 0.633913 0.493114 0.560712 0.545257 0.591039 0.484978 0.620958 0.586604 0.509496 0.579468 0.531341 0.595139 0.510104 0.611331 0.617848 0.510655 0.465236 0.514386 0.584491 0.863607 0.533486 0.586005 0.613953 0.611454 0.515083 0.602781 0.501912 1.000000 0.467452 0.515434 0.489087 0.607613 0.511721 0.546938 0.512194 0.492233 0.630427 0.519210 0.609786 0.588709 0.526077 0.544638 0.532768 0.531358 0.610695 0.480070 0.479129 0.551534 0.617981 0.545304 0.686131 0.494456 0.539459 0.769939 0.519754 0.573174 0.582100 0.432485 0.518671 0.425959 0.603789 0.530583 0.541038 0.610144 0.471815 0.577971 0.520897 0.518387 0.591759 0.983471 0.555270 0.582157 0.463135
0.453662 0.624063 0.645365 0.660183 0.597942 0.461646 0.696266 0.502746 0.605579 0.492957 0.442782 0.433027 0.492497 0.490941 0.454996 0.577989 0.487138 0.527044 0.483649 0.572760 0.533660 0.571014 0.614242 0.556151 0.531174 0.500578 0.519397 0.760241 0.578624 0.490990 0.497107 0.428788 0.401781 0.684774 0.659929 0.470996 0.526890 0.619154 0.520371 0.586310 0.490574 0.620707 0.533971 0.406583 0.467452 1.000000 0.597746 0.562340 0.388952 0.369210 0.665652 0.432935 0.438373 0.490003 0.589238 0.470881 0.545472 0.446752 0.455906 0.452684 0.685576 0.464774 0.535467 0.569360 0.444188 0.516198 0.488241 0.526667 0.719485 0.476804 0.506887 0.634549 0.492644 0.497174 0.558866 0.560485 0.309102 0.406660 0.455549 0.543323 0.525116 0.295391 0.577064 0.485962 0.621229 0.613473 0.487899 0.329364 0.532020 0.345376
0.596800 0.641029 0.742934 0.773108 0.794130 0.488191 0.719515 0.484344 0.535291 0.585832 0.418758 0.592339 0.629705 0.525554 0.431457 0.611311 0.497271 0.576863 0.541610 0.512571 0.599650 0.624156 0.546242 0.478689 0.553830 0.373700 0.492379 0.655568 0.466161 0.530300 0.581821 0.543942 0.391961 0.716246 0.752562 0.494218 0.607902 0.588058 0.504627 0.553793 0.638722 0.466248 0.570024 0.412511 0.515434 0.597746 1.000001 0.789671 0.561367 0.486682 0.618349 0.412152 0.444091 0.519412 0.458357 0.521934 0.597775 0.571280 0.405378 0.595662 0.707589 0.621807 0.467931 0.556689 0.524907 0.536532 0.558343 0.631942 0.672687 0.536553 0.590818 0.573696 0.471863 0.448819 0.415977 0.504513 0.269612 0.448094 0.521837 0.550185 0.561595 0.346854 0.605663 0.416839 0.708870 0.532476 0.524901 0.387031 0.469454 0.401472
0.562295 0.595634 0.633142 0.669173 0.712348 0.522863 0.641437 0.454989 0.540875 0.517876 0.447992 0.651100 0.643855 0.473397 0.473522 0.506326 0.490770 0.512080 0.537440 0.537669 0.597881 0.612466 0.570691 0.437641 0.584458 0.405712 0.489552 0.641644 0.521110 0.520687 0.513205 0.510217 0.346148 0.642048 0.744222 0.488061 0.542125 0.527771 0.502889 0.463951 0.638460 0.445985 0.596936 0.395308 0.489087 0.562340 0.789671 1.000000 0.502191 0.450903 0.658455 0.360896 0.415258 0.456742 0.462236 0.481658 0.539733 0.505264 0.393960 0.569085 0.620757 0.622524 0.485293 0.491735 0.472166 0.480376 0.515793 0.584727 0.699480 0.522282 0.550391 0.537166 0.493823 0.495232 0.432375 0.554114 0.285059 0.421127 0.494795 0.526693 0.498785 0.325703 0.551691 0.410289 0.718728 0.497032 0.494877 0.355887 0.407820 0.343044
0.571930 0.589539 0.484883 0.527068 0.507011 0.498913 0.497867 0.441975 0.524515 0.622763 0.549744 0.495352 0.590010 0.524659 0.509058 0.642314 0.483068 0.569701 0.494987 0.526101 0.552223 0.531525 0.495690 0.549274 0.528680 0.564152 0.534052 0.449370 0.534985 0.542176 0.543006 0.596437 0.486959 0.503027 0.491527 0.567636 0.645298 0.596376 0.534448 0.545500 0.519812 0.410820 0.496066 0.529638 0.607613 0.388952 0.561367 0.502191 1.000000 0.563441 0.586377 0.504697 0.474571 0.592656 0.469211 0.512362 0.557315 0.460018 0.421842 0.483261 0.435826 0.575935 0.520491 0.504448 0.481907 0.587799 0.454820 0.542240 0.480985 0.539352 0.582684 0.512410 0.522921 0.515896 0.366090 0.520482 0.291787 0.482537 0.430168 0.566627 0.595038 0.274754 0.486255 0.441825 0.514550 0.506400 0.615608 0.375811 0.401565 0.451579
